1 0.6734375 0.421875 0.11875 0.1515625
1 0.32265625 0.59921875 0.1625 0.2609375
1 0.23359375 0.4296875 0.121875 0.1734375
1 0.06953125 0.51875 0.1390625 0.209375
1 0.209375 0.078125 0.0703125 0.0984375
1 0.11484375 0.08984375 0.078125 0.1046875
1 0.86328125 0.85390625 0.040625 0.0546875
1 0.85390625 0.77578125 0.06875 0.0921875
1 0.76328125 0.8859375 0.0375 0.0609375
1 0.7421875 0.853125 0.059375 0.0875
1 0.5609375 0.85859375 0.103125 0.15625
1 0.540625 0.7765625 0.0734375 0.1046875
0 0.7 0.81015625 0.103125 0.146875
1 0.64375 0.709375 0.0609375 0.09375
1 0.51484375 0.7015625 0.0640625 0.096875
1 0.378125 0.45390625 0.05625 0.0828125
1 0.6171875 0.221875 0.071875 0.0859375
1 0.5796875 0.0703125 0.071875 0.0859375
1 0.84140625 0.4375 0.065625 0.0875
1 0.98125 0.55546875 0.0375 0.0765625
1 0.84765625 0.69453125 0.05 0.0703125
0 0.95546875 0.83046875 0.0265625 0.0984375
0 0.57421875 0.7046875 0.146875 0.23125
0 0.32109375 0.84296875 0.1609375 0.2359375
1 0.94296875 0.83125 0.0515625 0.0921875
0 0.9296875 0.7109375 0.06875 0.0984375
1 0.9046875 0.7125 0.06875 0.0921875
1 0.78125 0.7421875 0.084375 0.109375
1 0.49765625 0.78671875 0.109375 0.175
1 0.2734375 0.6140625 0.128125 0.2453125
1 0.05546875 0.54296875 0.1109375 0.2484375
1 0.08125 0.88828125 0.071875 0.1328125