0 0.4640625 0.69140625 0.0640625 0.1859375
0 0.73515625 0.7890625 0.0625 0.1546875
0 0.3578125 0.81015625 0.0484375 0.125
0 0.08671875 0.8703125 0.034375 0.0875
0 0.11328125 0.74453125 0.0359375 0.0734375
0 0.315625 0.8109375 0.034375 0.1046875
1 0.70234375 0.56796875 0.0671875 0.2078125
1 0.33203125 0.4296875 0.0671875 0.1046875
1 0.7640625 0.396875 0.059375 0.1390625
1 0.946875 0.45703125 0.0546875 0.171875
1 0.20234375 0.79765625 0.040625 0.0765625
1 0.1640625 0.465625 0.04375 0.071875
1 0.353125 0.23046875 0.0453125 0.075
1 0.203125 0.8765625 0.025 0.05
1 0.02578125 0.83828125 0.0171875 0.0546875
1 0.66328125 0.7609375 0.04375 0.1328125
1 0.74140625 0.03515625 0.0359375 0.0703125
1 0.646875 0.12734375 0.0328125 0.071875
1 0.84140625 0.0421875 0.0546875 0.08125
1 0.509375 0.759375 0.0359375 0.09375
1 0.41328125 0.5015625 0.0375 0.0671875
1 0.36484375 0.06640625 0.0453125 0.0734375
1 0.265625 0.7703125 0.040625 0.1234375
1 0.23359375 0.86484375 0.0375 0.1015625
1 0.19296875 0.71328125 0.025 0.0578125
1 0.39921875 0.70703125 0.034375 0.0859375
1 0.43984375 0.8140625 0.03125 0.075