0 0.4671875 0.6921875 0.06875 0.1875
0 0.73984375 0.78515625 0.065625 0.1546875
0 0.36328125 0.8125 0.05 0.1265625
0 0.09296875 0.87734375 0.0359375 0.0875
0 0.11796875 0.7515625 0.0375 0.0734375
0 0.32109375 0.8140625 0.0359375 0.1046875
1 0.703125 0.5640625 0.0703125 0.209375
1 0.33046875 0.4328125 0.06875 0.1046875
1 0.7625 0.3921875 0.0625 0.1390625
1 0.94609375 0.44921875 0.0578125 0.1734375
1 0.2078125 0.803125 0.0421875 0.0765625
1 0.16328125 0.471875 0.0453125 0.071875
1 0.3484375 0.2328125 0.0453125 0.075
1 0.209375 0.88203125 0.0265625 0.05
1 0.03203125 0.846875 0.01875 0.0546875
1 0.66796875 0.7578125 0.0453125 0.134375
1 0.7328125 0.0328125 0.0375 0.065625
1 0.640625 0.125 0.0328125 0.071875
1 0.8328125 0.03828125 0.05625 0.0765625
1 0.5140625 0.759375 0.0390625 0.09375
1 0.41328125 0.503125 0.0390625 0.0671875
1 0.35703125 0.06875 0.046875 0.0734375
1 0.2703125 0.77421875 0.0421875 0.1234375
1 0.23984375 0.86953125 0.0390625 0.1015625
1 0.196875 0.71875 0.0265625 0.0578125
1 0.403125 0.70859375 0.0359375 0.0859375
1 0.4453125 0.81484375 0.0328125 0.075