1 0.6828125 0.40703125 0.0765625 0.128125
1 0.31328125 0.5625 0.08125 0.2390625
1 0.2421875 0.3890625 0.071875 0.1546875
1 0.0671875 0.46796875 0.075 0.1890625
1 0.25390625 0.040625 0.040625 0.08125
1 0.1578125 0.0453125 0.0484375 0.090625
1 0.8296875 0.846875 0.025 0.05
1 0.82890625 0.76796875 0.0421875 0.0796875
1 0.7265625 0.87265625 0.0203125 0.0546875
1 0.7078125 0.8390625 0.0328125 0.078125
1 0.52578125 0.83359375 0.05625 0.1421875
1 0.51484375 0.75078125 0.04375 0.09375
0 0.66953125 0.79375 0.0578125 0.1296875
1 0.625 0.690625 0.03125 0.0875
1 0.4953125 0.67578125 0.034375 0.090625
1 0.384375 0.42109375 0.03125 0.075
1 0.646875 0.2046875 0.0484375 0.071875
1 0.6265625 0.053125 0.0484375 0.071875
1 0.85078125 0.4328125 0.0375 0.0765625
1 0.9859375 0.56015625 0.028125 0.06875
1 0.9953125 0.78984375 0.009375 0.0484375
1 0.98125 0.75390625 0.028125 0.0484375
1 0.96640625 0.79375 0.0234375 0.040625
1 0.83046875 0.6875 0.0296875 0.0625
0 0.94296875 0.8328125 0.0328125 0.09375
0 0.55390625 0.68125 0.078125 0.2109375
0 0.2859375 0.80390625 0.0890625 0.2125
1 0.915625 0.8296875 0.03125 0.0859375
0 0.9109375 0.70859375 0.0390625 0.0890625
1 0.8859375 0.70859375 0.040625 0.08125
1 0.75859375 0.73125 0.053125 0.09375
1 0.46953125 0.7578125 0.0578125 0.159375
1 0.2625 0.57421875 0.05 0.23125
1 0.03984375 0.48984375 0.0578125 0.2359375
1 0.04140625 0.83671875 0.028125 0.1296875