0 0.5078125 0.30546875 0.103125 0.1984375
0 0.79375 0.271875 0.096875 0.165625
0 0.43125 0.165625 0.078125 0.1359375
0 0.18125 0.046875 0.053125 0.09375
0 0.178125 0.17421875 0.05 0.08125
0 0.38984375 0.15546875 0.0578125 0.1125
1 0.71171875 0.4796875 0.1109375 0.2203125
1 0.32109375 0.53046875 0.0890625 0.1171875
1 0.73359375 0.659375 0.0890625 0.15
1 0.92578125 0.6421875 0.09375 0.1828125
1 0.2765625 0.14296875 0.0578125 0.084375
1 0.16484375 0.4578125 0.0609375 0.08125
1 0.29609375 0.7296875 0.0625 0.084375
1 0.2953125 0.065625 0.0359375 0.0546875
1 0.1140625 0.06328125 0.028125 0.0578125
1 0.71796875 0.2828125 0.0734375 0.140625
1 0.63046875 0.98359375 0.0515625 0.0328125
1 0.559375 0.896875 0.0484375 0.0796875
1 0.73046875 0.9875 0.0703125 0.025
1 0.56796875 0.24921875 0.05625 0.1015625
1 0.41640625 0.47890625 0.0515625 0.075
1 0.2703125 0.8921875 0.0609375 0.0828125
1 0.3328125 0.18359375 0.06875 0.1296875
1 0.32265625 0.084375 0.0609375 0.109375
1 0.24921875 0.2234375 0.0390625 0.0625
1 0.4484375 0.27578125 0.053125 0.09375
1 0.5125 0.18046875 0.046875 0.0828125