0 0.03515625 0.69296875 0.0703125 0.2359375
0 0.1828125 0.65546875 0.1703125 0.228125
0 0.09609375 0.69921875 0.1265625 0.178125
0 0.70390625 0.46796875 0.1921875 0.2484375
0 0.85 0.88828125 0.15625 0.2046875
0 0.75390625 0.92109375 0.1578125 0.1578125
0 0.68515625 0.6796875 0.184375 0.2265625
0 0.215625 0.26640625 0.14375 0.1796875
1 0.3640625 0.56328125 0.1125 0.1578125
1 0.3609375 0.3953125 0.1234375 0.1515625
1 0.2140625 0.35625 0.0875 0.1203125
1 0.29296875 0.35859375 0.1203125 0.1546875
1 0.540625 0.425 0.1359375 0.1875
1 0.6703125 0.3515625 0.0765625 0.1046875
1 0.63984375 0.82578125 0.1453125 0.2046875
1 0.3921875 0.7375 0.090625 0.1171875
1 0.34921875 0.85 0.0953125 0.1046875
1 0.546875 0.6765625 0.0640625 0.0796875
1 0.75234375 0.7171875 0.115625 0.18125
1 0.56640625 0.2609375 0.16875 0.19375