0 0.165625 0.10859375 0.24375 0.13125
0 0.2546875 0.24609375 0.253125 0.20625
0 0.1859375 0.17734375 0.1984375 0.1546875
0 0.59375 0.684375 0.278125 0.2328125
0 0.23828125 0.92890625 0.2296875 0.1421875
0 0.16796875 0.8765625 0.203125 0.1828125
0 0.38671875 0.73203125 0.25625 0.221875
0 0.634375 0.15703125 0.2015625 0.171875
1 0.39765625 0.38984375 0.1734375 0.1375
1 0.55625 0.33515625 0.1703125 0.146875
1 0.5484375 0.18359375 0.13125 0.10625
1 0.5703125 0.259375 0.175 0.1453125
1 0.58359375 0.515625 0.2078125 0.165625
1 0.69375 0.615625 0.11875 0.096875
1 0.23359375 0.73359375 0.2265625 0.18125
1 0.24140625 0.4703125 0.1296875 0.109375
1 0.1203125 0.46484375 0.11875 0.1125
1 0.346875 0.5984375 0.0890625 0.0765625
1 0.37109375 0.8078125 0.1953125 0.1421875
1 0.7484375 0.48984375 0.2203125 0.1984375