0 0.13671875 0.09453125 0.225 0.128125
0 0.24140625 0.259375 0.2140625 0.1421875
0 0.16953125 0.19453125 0.16875 0.103125
0 0.603125 0.67890625 0.2328125 0.1625
0 0.26328125 0.95 0.1921875 0.1
0 0.1734375 0.89765625 0.196875 0.13125
0 0.3984375 0.7375 0.2125 0.1578125
0 0.61640625 0.15078125 0.1671875 0.121875
1 0.3921875 0.39609375 0.1484375 0.0921875
1 0.54765625 0.33203125 0.140625 0.103125
1 0.53203125 0.18203125 0.1125 0.0734375
1 0.5578125 0.25625 0.1453125 0.1015625
1 0.584375 0.5109375 0.178125 0.1109375
1 0.7 0.60546875 0.0984375 0.065625
1 0.24609375 0.74765625 0.19375 0.121875
1 0.23984375 0.484375 0.109375 0.0765625
1 0.11875 0.48515625 0.0953125 0.084375
1 0.3515625 0.60703125 0.0734375 0.053125
1 0.3875 0.81328125 0.171875 0.0890625
1 0.74765625 0.4765625 0.178125 0.1453125