0 0.19375 0.0859375 0.240625 0.1171875
0 0.2734375 0.2296875 0.2453125 0.19375
0 0.209375 0.15625 0.1921875 0.1453125
0 0.58046875 0.690625 0.2703125 0.21875
0 0.2078125 0.921875 0.221875 0.15625
0 0.1421875 0.85234375 0.1953125 0.1734375
0 0.3703125 0.7234375 0.246875 0.209375
0 0.6578125 0.1671875 0.19375 0.1625
1 0.40546875 0.38359375 0.16875 0.128125
1 0.56796875 0.33984375 0.1640625 0.1375
1 0.5703125 0.1875 0.128125 0.1
1 0.58671875 0.26484375 0.1703125 0.1375
1 0.58203125 0.52109375 0.2015625 0.1546875
1 0.68515625 0.62890625 0.1140625 0.090625
1 0.21796875 0.71484375 0.2203125 0.16875
1 0.24375 0.45234375 0.1265625 0.103125
1 0.1234375 0.43828125 0.1140625 0.10625
1 0.33984375 0.5875 0.0859375 0.071875
1 0.35 0.79765625 0.1921875 0.13125
1 0.7484375 0.50703125 0.2125 0.1875