0 0.16484375 0.92890625 0.2328125 0.1421875
0 0.25859375 0.7578125 0.2234375 0.1578125
0 0.19140625 0.828125 0.175 0.1140625
0 0.590625 0.3140625 0.2421875 0.178125
0 0.2328125 0.06796875 0.1984375 0.1125
0 0.146875 0.12578125 0.20625 0.1453125
0 0.38203125 0.2703125 0.2234375 0.171875
0 0.640625 0.840625 0.175 0.1328125
1 0.4 0.6109375 0.153125 0.1015625
1 0.559375 0.6640625 0.146875 0.1125
1 0.55390625 0.81484375 0.1171875 0.08125
1 0.575 0.7390625 0.153125 0.1109375
1 0.58359375 0.48359375 0.1859375 0.121875
1 0.6921875 0.38046875 0.103125 0.071875
1 0.2296875 0.2703125 0.2015625 0.134375
1 0.24140625 0.53359375 0.1140625 0.0828125
1 0.12109375 0.54140625 0.1 0.090625
1 0.34453125 0.40390625 0.0765625 0.0578125
1 0.365625 0.1953125 0.178125 0.1015625
1 0.7484375 0.50625 0.1875 0.1578125