1 0.3484375 0.45 0.1078125 0.153125
1 0.3890625 0.62421875 0.0875 0.1453125
1 0.434375 0.7734375 0.0890625 0.1296875
1 0.71171875 0.8453125 0.1203125 0.175
1 0.528125 0.44375 0.1109375 0.1734375
1 0.19921875 0.43671875 0.0828125 0.1140625
0 0.0609375 0.8109375 0.1140625 0.221875
0 0.1546875 0.796875 0.1015625 0.1859375
0 0.2265625 0.7296875 0.1421875 0.228125
0 0.4640625 0.7078125 0.1125 0.16875
1 0.5453125 0.78828125 0.0890625 0.1296875
0 0.5390625 0.7953125 0.1171875 0.1703125
0 0.703125 0.46953125 0.153125 0.2296875
0 0.71328125 0.68125 0.1390625 0.2140625
0 0.84296875 0.915625 0.1171875 0.16875
0 0.93046875 0.85703125 0.121875 0.2015625
0 0.17890625 0.33515625 0.1078125 0.1265625
1 0.26953125 0.43046875 0.08125 0.14375
1 0.42890625 0.89453125 0.075 0.096875