1 0.6796875 0.575 0.159375 0.1859375
1 0.628125 0.40546875 0.1375 0.1734375
1 0.57421875 0.26171875 0.1359375 0.159375
1 0.29296875 0.2203125 0.1796875 0.2140625
1 0.5015625 0.6015625 0.171875 0.2078125
1 0.82890625 0.5703125 0.125 0.140625
0 0.90625 0.18984375 0.11875 0.240625
0 0.8515625 0.2046875 0.1671875 0.2171875
0 0.7828125 0.28125 0.221875 0.271875
0 0.54921875 0.3296875 0.1703125 0.203125
1 0.4625 0.259375 0.1359375 0.1578125
0 0.46796875 0.2515625 0.175 0.20625
0 0.32578125 0.5953125 0.2328125 0.278125
0 0.30234375 0.38515625 0.2140625 0.25625
0 0.16015625 0.16484375 0.18125 0.209375
0 0.08515625 0.23515625 0.1703125 0.2390625
0 0.85625 0.66953125 0.1515625 0.159375
1 0.76015625 0.584375 0.13125 0.16875
1 0.57109375 0.13984375 0.109375 0.1203125