1 0.65859375 0.38671875 0.1265625 0.1609375
1 0.64609375 0.56328125 0.10625 0.153125
1 0.62578125 0.715625 0.1078125 0.1390625
1 0.3609375 0.81875 0.1421875 0.1859375
1 0.47890625 0.40078125 0.134375 0.1828125
1 0.8046875 0.3578125 0.1 0.1203125
0 0.965625 0.7109375 0.06875 0.23125
0 0.90859375 0.70859375 0.1265625 0.19375
0 0.825 0.64921875 0.171875 0.2390625
0 0.5859375 0.6546875 0.134375 0.178125
1 0.51796875 0.74296875 0.1078125 0.1375
0 0.525 0.74921875 0.1390625 0.1796875
0 0.30859375 0.44609375 0.1828125 0.24375
0 0.33359375 0.65625 0.1671875 0.225
0 0.24453125 0.903125 0.14375 0.1828125
0 0.14453125 0.85390625 0.1484375 0.2109375
0 0.809375 0.2546875 0.125 0.1359375
1 0.734375 0.359375 0.1 0.15
1 0.65 0.83515625 0.0890625 0.103125