0 0.33125 0.78125 0.1234375 0.1890625
1 0.3828125 0.821875 0.075 0.09375
0 0.40546875 0.7296875 0.103125 0.14375
0 0.3609375 0.63046875 0.1 0.140625
0 0.44453125 0.4359375 0.15 0.2140625
1 0.665625 0.634375 0.0703125 0.1203125
0 0.72734375 0.66484375 0.0609375 0.078125
0 0.76875 0.61953125 0.0765625 0.109375
0 0.81171875 0.5703125 0.08125 0.125
1 0.62890625 0.38203125 0.0703125 0.1015625
1 0.621875 0.31171875 0.0828125 0.1015625
0 0.63671875 0.23515625 0.0984375 0.1515625
1 0.08671875 0.6078125 0.1375 0.2203125
1 0.64296875 0.63671875 0.078125 0.121875
1 0.6609375 0.565625 0.065625 0.0953125
1 0.696875 0.5859375 0.0640625 0.0984375
1 0.91328125 0.61484375 0.0875 0.115625
1 0.9390625 0.54296875 0.071875 0.1125
1 0.86484375 0.38125 0.0921875 0.128125
1 0.32734375 0.30390625 0.096875 0.1265625
1 0.25546875 0.165625 0.1015625 0.1484375
1 0.3 0.08046875 0.0828125 0.1125
1 0.1703125 0.26796875 0.1453125 0.1859375
1 0.034375 0.61875 0.06875 0.159375
1 0.39921875 0.93359375 0.0890625 0.1015625
1 0.55859375 0.31328125 0.103125 0.15
1 0.58671875 0.453125 0.08125 0.10625
1 0.68984375 0.35078125 0.0609375 0.0921875
1 0.7359375 0.4890625 0.0578125 0.090625
1 0.77890625 0.48203125 0.0796875 0.1171875
1 0.95078125 0.353125 0.0921875 0.15