0 0.3828125 0.80625 0.09375 0.1765625
1 0.440625 0.8375 0.0609375 0.084375
0 0.446875 0.74296875 0.0828125 0.13125
0 0.3859375 0.65234375 0.0796875 0.128125
0 0.434375 0.446875 0.1171875 0.196875
1 0.68671875 0.60390625 0.0515625 0.1125
0 0.75234375 0.62265625 0.05 0.0703125
0 0.78515625 0.57109375 0.059375 0.1
0 0.81875 0.51484375 0.0625 0.115625
1 0.60625 0.36171875 0.0546875 0.09375
1 0.5875 0.29375 0.0671875 0.090625
0 0.5890625 0.215625 0.075 0.140625
1 0.11171875 0.678125 0.103125 0.2046875
1 0.66484375 0.61015625 0.059375 0.1140625
1 0.66953125 0.53671875 0.0515625 0.0875
1 0.70859375 0.55078125 0.0484375 0.0921875
1 0.9265625 0.54140625 0.0703125 0.1046875
1 0.93984375 0.46640625 0.0546875 0.1046875
1 0.83828125 0.31953125 0.0734375 0.1171875
1 0.29609375 0.33671875 0.078125 0.1140625
1 0.20078125 0.21328125 0.0796875 0.1359375
1 0.23046875 0.121875 0.065625 0.103125
1 0.13515625 0.32890625 0.1171875 0.16875
1 0.05078125 0.70078125 0.06875 0.15
1 0.47578125 0.94453125 0.075 0.090625
1 0.525 0.30625 0.08125 0.1375
1 0.57734375 0.4390625 0.065625 0.096875
1 0.6609375 0.3203125 0.046875 0.0859375
1 0.73046875 0.4484375 0.04375 0.084375
1 0.771875 0.43359375 0.0625 0.1078125
1 0.91875 0.27734375 0.06875 0.140625