0 0.57109375 0.83046875 0.1421875 0.1953125
1 0.50703125 0.84765625 0.0828125 0.0984375
0 0.521875 0.7546875 0.11875 0.1484375
0 0.60078125 0.6796875 0.1140625 0.1453125
0 0.596875 0.46796875 0.1703125 0.221875
1 0.31796875 0.565625 0.0828125 0.121875
0 0.2484375 0.5703125 0.06875 0.0796875
0 0.2265625 0.5125 0.0890625 0.1125
0 0.20703125 0.45078125 0.09375 0.128125
1 0.446875 0.3484375 0.0796875 0.1046875
1 0.48046875 0.2859375 0.0921875 0.1046875
0 0.49609375 0.21015625 0.1125 0.1546875
1 0.86328125 0.76484375 0.1578125 0.2234375
1 0.3375 0.57734375 0.090625 0.1265625
1 0.34765625 0.5046875 0.075 0.0984375
1 0.30703125 0.5109375 0.0734375 0.1015625
1 0.09609375 0.45390625 0.0984375 0.1203125
1 0.09921875 0.3765625 0.0828125 0.115625
1 0.23046875 0.25625 0.1046875 0.13125
1 0.75625 0.3921875 0.109375 0.13125
1 0.87578125 0.2921875 0.1171875 0.1515625
1 0.865625 0.196875 0.0953125 0.11875
1 0.915625 0.41953125 0.1609375 0.1921875
1 0.91796875 0.8 0.109375 0.1640625
1 0.45078125 0.94296875 0.1 0.1046875
1 0.5390625 0.3125 0.11875 0.1546875
1 0.45859375 0.4296875 0.09375 0.1125
1 0.403125 0.29609375 0.071875 0.096875
1 0.30703125 0.40625 0.0671875 0.0921875
1 0.26953125 0.38203125 0.0921875 0.121875
1 0.159375 0.19765625 0.109375 0.1546875