0 0.61640625 0.8171875 0.11875 0.18125
1 0.55546875 0.84296875 0.071875 0.0890625
0 0.55703125 0.74921875 0.1015625 0.1359375
0 0.625 0.6640625 0.096875 0.1328125
0 0.59140625 0.4546875 0.14375 0.203125
1 0.32890625 0.590625 0.0671875 0.1140625
0 0.2609375 0.6046875 0.059375 0.0734375
0 0.23125 0.55 0.075 0.103125
0 0.203125 0.4921875 0.078125 0.11875
1 0.4265625 0.35703125 0.0671875 0.096875
1 0.45078125 0.290625 0.0796875 0.0953125
0 0.45546875 0.21328125 0.09375 0.14375
1 0.896875 0.71171875 0.1296875 0.2078125
1 0.35 0.59921875 0.0765625 0.1171875
1 0.35 0.52578125 0.0640625 0.090625
1 0.31015625 0.5375 0.0609375 0.0953125
1 0.09375 0.51015625 0.084375 0.109375
1 0.0859375 0.43359375 0.06875 0.1078125
1 0.19921875 0.29609375 0.0890625 0.1203125
1 0.7390625 0.3578125 0.09375 0.11875
1 0.84296875 0.2421875 0.0984375 0.1390625
1 0.8203125 0.14921875 0.08125 0.1078125
1 0.9 0.3625 0.1390625 0.175
1 0.95546875 0.7390625 0.0890625 0.153125
1 0.5125 0.9453125 0.0875 0.09375
1 0.5125 0.30859375 0.1 0.1421875
1 0.44921875 0.4359375 0.0796875 0.1015625
1 0.37578125 0.31171875 0.059375 0.0890625
1 0.29609375 0.43359375 0.05625 0.0859375
1 0.25546875 0.415625 0.078125 0.1109375
1 0.1203125 0.24765625 0.0890625 0.14375