0 0.12421875 0.58515625 0.1671875 0.28125
0 0.49140625 0.3203125 0.0890625 0.140625
0 0.26328125 0.53984375 0.1328125 0.1734375
0 0.30859375 0.628125 0.1078125 0.2015625
0 0.54609375 0.2671875 0.0609375 0.1203125
0 0.60078125 0.30234375 0.0703125 0.0921875
0 0.61640625 0.43125 0.05625 0.1
0 0.725 0.28125 0.0453125 0.0859375
0 0.68359375 0.33828125 0.0359375 0.0703125
0 0.71640625 0.45234375 0.025 0.0484375
1 0.22421875 0.59453125 0.0765625 0.1234375
1 0.3359375 0.45234375 0.1015625 0.1328125
1 0.24296875 0.7046875 0.0921875 0.115625
1 0.2546875 0.903125 0.090625 0.1546875
1 0.33984375 0.8578125 0.0859375 0.1203125
1 0.51171875 0.88046875 0.0671875 0.06875
1 0.57734375 0.7390625 0.05625 0.06875
1 0.55859375 0.42890625 0.05 0.0734375
1 0.75390625 0.3671875 0.059375 0.096875
1 0.6375 0.31171875 0.0359375 0.0703125
1 0.79765625 0.3375 0.0296875 0.05625
1 0.81875 0.45078125 0.0375 0.0609375