0 0.11796875 0.4578125 0.1859375 0.2859375
0 0.55 0.328125 0.1 0.1453125
0 0.26328125 0.4609375 0.1421875 0.178125
0 0.27734375 0.5578125 0.121875 0.2046875
0 0.61953125 0.2953125 0.06875 0.1203125
0 0.659375 0.34609375 0.075 0.0953125
0 0.6328125 0.4734375 0.0640625 0.103125
0 0.784375 0.36640625 0.05 0.0859375
0 0.7265625 0.40703125 0.0421875 0.071875
0 0.7203125 0.525 0.028125 0.0515625
1 0.2078125 0.49921875 0.0875 0.1265625
1 0.36015625 0.4015625 0.109375 0.1375
1 0.190625 0.61015625 0.103125 0.121875
1 0.1375 0.8015625 0.1015625 0.159375
1 0.23203125 0.78671875 0.0921875 0.1265625
1 0.3875 0.86328125 0.0734375 0.071875
1 0.4953125 0.7515625 0.0609375 0.071875
1 0.578125 0.45078125 0.05625 0.078125
1 0.7828125 0.45703125 0.065625 0.0984375
1 0.69140625 0.36640625 0.040625 0.0703125
1 0.834375 0.44296875 0.0359375 0.059375
1 0.81640625 0.5578125 0.0421875 0.0625