0 0.55546875 0.88046875 0.2921875 0.1953125
0 0.6703125 0.44375 0.1484375 0.103125
0 0.546875 0.73515625 0.18125 0.1484375
0 0.45 0.72421875 0.20625 0.128125
0 0.7 0.3734375 0.125 0.0734375
0 0.64765625 0.33515625 0.0984375 0.078125
0 0.521875 0.36640625 0.1046875 0.0671875
0 0.6234375 0.21171875 0.0875 0.0546875
0 0.58515625 0.2703125 0.0734375 0.04375
0 0.4671875 0.28046875 0.05 0.0296875
1 0.51015625 0.7921875 0.128125 0.0890625
1 0.60234375 0.6359375 0.140625 0.1125
1 0.40078125 0.81328125 0.125 0.10625
1 0.21171875 0.87265625 0.1625 0.109375
1 0.2234375 0.77734375 0.128125 0.096875
1 0.140625 0.625 0.075 0.0734375
1 0.24921875 0.5140625 0.0734375 0.0625
1 0.546875 0.4203125 0.0765625 0.0578125
1 0.5328125 0.215625 0.1015625 0.06875
1 0.6265625 0.30390625 0.071875 0.0453125
1 0.5453125 0.16328125 0.0578125 0.0359375
1 0.43125 0.18515625 0.0640625 0.04375