0 0.1171875 0.46171875 0.134375 0.2640625
0 0.51328125 0.67890625 0.0734375 0.1328125
0 0.26015625 0.4890625 0.1109375 0.1578125
0 0.29453125 0.396875 0.084375 0.190625
0 0.57421875 0.725 0.046875 0.1140625
0 0.62421875 0.68359375 0.059375 0.084375
0 0.62421875 0.55390625 0.0453125 0.0953125
0 0.75 0.68984375 0.034375 0.08125
0 0.70234375 0.63828125 0.028125 0.0671875
0 0.72109375 0.52109375 0.01875 0.0484375
1 0.2140625 0.43984375 0.0640625 0.115625
1 0.34296875 0.5671875 0.0859375 0.121875
1 0.2203125 0.328125 0.0828125 0.10625
1 0.2078125 0.1296875 0.071875 0.146875
1 0.29765625 0.1640625 0.0703125 0.1140625
1 0.465625 0.12109375 0.0609375 0.0609375
1 0.54765625 0.253125 0.0484375 0.0625
1 0.56640625 0.5640625 0.0421875 0.0703125
1 0.76796875 0.60078125 0.0484375 0.090625
1 0.659375 0.6703125 0.028125 0.0671875
1 0.815625 0.625 0.0234375 0.0546875
1 0.821875 0.509375 0.0296875 0.0578125