0 0.115625 0.521875 0.2015625 0.296875
0 0.54140625 0.675 0.10625 0.1484375
0 0.2609375 0.5265625 0.153125 0.1859375
0 0.28046875 0.4296875 0.1328125 0.2109375
0 0.60859375 0.7109375 0.0765625 0.125
0 0.65078125 0.66171875 0.08125 0.0984375
0 0.63125 0.53359375 0.06875 0.1046875
0 0.7765625 0.6484375 0.0546875 0.0890625
0 0.72109375 0.6046875 0.0453125 0.0734375
0 0.721875 0.48671875 0.03125 0.0515625
1 0.20859375 0.48515625 0.0921875 0.1296875
1 0.35546875 0.590625 0.1171875 0.1421875
1 0.196875 0.37421875 0.10625 0.125
1 0.153125 0.1796875 0.109375 0.1640625
1 0.24765625 0.2 0.1 0.1296875
1 0.40625 0.13125 0.075 0.075
1 0.5078125 0.24921875 0.0640625 0.075
1 0.57578125 0.55234375 0.059375 0.0796875
1 0.78046875 0.5578125 0.071875 0.103125
1 0.68359375 0.64296875 0.0453125 0.0734375
1 0.83125 0.57421875 0.0375 0.059375
1 0.81953125 0.459375 0.04375 0.065625