0 0.46875 0.88359375 0.2671875 0.1390625
0 0.67890625 0.48359375 0.134375 0.075
0 0.49296875 0.73984375 0.159375 0.115625
0 0.40078125 0.70703125 0.1921875 0.0875
0 0.7234375 0.421875 0.1171875 0.0484375
0 0.68125 0.37265625 0.0859375 0.0609375
0 0.5515625 0.375 0.0953125 0.046875
0 0.68515625 0.246875 0.08125 0.0359375
0 0.634375 0.2953125 0.0671875 0.0296875
0 0.5171875 0.27890625 0.046875 0.0203125
1 0.44453125 0.78671875 0.1171875 0.0640625
1 0.56953125 0.65546875 0.1234375 0.0875
1 0.3328125 0.7828125 0.1078125 0.084375
1 0.13515625 0.7984375 0.1484375 0.0765625
1 0.16796875 0.7078125 0.1140625 0.0734375
1 0.121875 0.540625 0.0625 0.0609375
1 0.25234375 0.45703125 0.0640625 0.05
1 0.56328125 0.4328125 0.06875 0.04375
1 0.59609375 0.23046875 0.0921875 0.05
1 0.6671875 0.3375 0.0671875 0.0296875
1 0.61953125 0.18203125 0.053125 0.025
1 0.50390625 0.178125 0.0578125 0.03125