1 0.990625 0.215625 0.01875 0.14375
1 0.92265625 0.52421875 0.1078125 0.1640625
1 0.85703125 0.31875 0.128125 0.1703125
1 0.7578125 0.2671875 0.1875 0.228125
1 0.4890625 0.325 0.15 0.2296875
1 0.38828125 0.409375 0.1203125 0.1828125
1 0.44453125 0.14375 0.1328125 0.1796875
1 0.5140625 0.0640625 0.084375 0.109375
1 0.53125 0.18359375 0.06875 0.096875
1 0.2140625 0.0640625 0.146875 0.128125
1 0.1234375 0.06796875 0.0734375 0.1125
1 0.1421875 0.0125 0.078125 0.025
1 0.075 0.25078125 0.09375 0.190625
1 0.10234375 0.36328125 0.0984375 0.121875
1 0.7765625 0.08125 0.1515625 0.1171875
1 0.9890625 0.49765625 0.021875 0.1015625
1 0.9703125 0.60859375 0.05625 0.1296875
1 0.546875 0.7390625 0.103125 0.1640625
1 0.38828125 0.72109375 0.1265625 0.1890625
0 0.5203125 0.54296875 0.2203125 0.3
1 0.44296875 0.64609375 0.0703125 0.0875
0 0.9171875 0.67890625 0.1421875 0.209375
0 0.8171875 0.59921875 0.16875 0.2578125
0 0.734375 0.48046875 0.20625 0.278125
0 0.6171875 0.35 0.1953125 0.3109375
0 0.3234375 0.13125 0.19375 0.2625
0 0.18828125 0.2453125 0.196875 0.240625