0 0.48046875 0.0859375 0.165625 0.1515625
0 0.35234375 0.07421875 0.1734375 0.1484375
0 0.25703125 0.2359375 0.1796875 0.140625
0 0.43203125 0.490625 0.1109375 0.0828125
0 0.25078125 0.66640625 0.1625 0.1359375
0 0.21875 0.7984375 0.159375 0.1234375
0 0.10234375 0.8015625 0.1671875 0.1328125
1 0.0890625 0.8875 0.1 0.0703125
1 0.32734375 0.396875 0.146875 0.1203125
1 0.253125 0.32578125 0.13125 0.10625
1 0.3296875 0.159375 0.0953125 0.0921875
1 0.38671875 0.2234375 0.128125 0.1125
1 0.35 0.27734375 0.134375 0.10625
1 0.38203125 0.59921875 0.1078125 0.0890625
1 0.45703125 0.5671875 0.090625 0.06875
1 0.62265625 0.584375 0.0921875 0.0796875
1 0.58359375 0.72109375 0.128125 0.0921875
1 0.70390625 0.6125 0.1 0.09375
1 0.45859375 0.7484375 0.1359375 0.0984375
1 0.4890625 0.8234375 0.1203125 0.096875
1 0.56015625 0.821875 0.0828125 0.071875
1 0.69921875 0.52890625 0.0875 0.0671875
1 0.47265625 0.98125 0.1015625 0.0375