0 0.2953125 0.13984375 0.1640625 0.15
0 0.175 0.18671875 0.171875 0.1484375
0 0.16328125 0.375 0.178125 0.1375
0 0.43515625 0.521875 0.109375 0.08125
0 0.353125 0.76171875 0.1609375 0.134375
0 0.38515625 0.89375 0.1578125 0.121875
0 0.2828125 0.94140625 0.165625 0.1171875
1 0.29921875 0.4859375 0.1453125 0.11875
1 0.20078125 0.45703125 0.13125 0.1046875
1 0.19375 0.27421875 0.09375 0.090625
1 0.2734375 0.3046875 0.128125 0.1109375
1 0.265625 0.36953125 0.134375 0.1046875
1 0.43984375 0.6421875 0.10625 0.0875
1 0.4921875 0.5796875 0.090625 0.0671875
1 0.64765625 0.51953125 0.0921875 0.078125
1 0.675 0.659375 0.128125 0.090625
1 0.7328125 0.5078125 0.0984375 0.0921875
1 0.57578125 0.73984375 0.134375 0.0953125
1 0.6375 0.79296875 0.1203125 0.0953125
1 0.69921875 0.759375 0.0828125 0.0703125
1 0.690625 0.43515625 0.0875 0.065625
1 0.69921875 0.94921875 0.1015625 0.0546875