0 0.2953125 0.86015625 0.165625 0.15
0 0.175 0.81328125 0.171875 0.1484375
0 0.16328125 0.625 0.178125 0.1375
0 0.43515625 0.478125 0.109375 0.08125
0 0.353125 0.23828125 0.1625 0.134375
0 0.38515625 0.10625 0.1578125 0.121875
0 0.2828125 0.05859375 0.165625 0.1171875
1 0.29921875 0.5140625 0.1453125 0.11875
1 0.20078125 0.54296875 0.13125 0.1046875
1 0.19375 0.72578125 0.09375 0.090625
1 0.2734375 0.6953125 0.128125 0.109375
1 0.265625 0.63046875 0.134375 0.1046875
1 0.43984375 0.3578125 0.10625 0.0875
1 0.4921875 0.4203125 0.090625 0.065625
1 0.64765625 0.48046875 0.0921875 0.078125
1 0.675 0.340625 0.128125 0.090625
1 0.7328125 0.4921875 0.096875 0.090625
1 0.57578125 0.26015625 0.134375 0.0953125
1 0.6375 0.20703125 0.11875 0.0953125
1 0.69921875 0.240625 0.0828125 0.06875
1 0.690625 0.56484375 0.0875 0.065625
1 0.69921875 0.05078125 0.1015625 0.0546875