0 0.41640625 0.96484375 0.1671875 0.0703125
0 0.6515625 0.571875 0.175 0.1328125
0 0.428125 0.2796875 0.153125 0.1109375
0 0.50078125 0.2234375 0.1171875 0.09375
0 0.246875 0.1859375 0.0984375 0.0734375
1 0.79609375 0.88046875 0.1390625 0.0953125
1 0.571875 0.92421875 0.1109375 0.078125
1 0.55546875 0.97734375 0.1609375 0.0453125
1 0.61328125 0.74140625 0.1109375 0.0875
1 0.53359375 0.6953125 0.103125 0.0796875
1 0.7609375 0.65 0.1046875 0.0890625
1 0.83125 0.7046875 0.065625 0.05625
1 0.803125 0.759375 0.0859375 0.059375
1 0.703125 0.78515625 0.1359375 0.096875
1 0.4578125 0.79296875 0.11875 0.0890625
1 0.52421875 0.8140625 0.0875 0.0796875
1 0.4875 0.49921875 0.0953125 0.09375
1 0.57890625 0.51171875 0.0859375 0.0703125
1 0.6875 0.4734375 0.115625 0.084375
1 0.7453125 0.39609375 0.0828125 0.0546875
1 0.66875 0.45234375 0.0515625 0.040625
1 0.5265625 0.428125 0.08125 0.0578125
1 0.496875 0.3765625 0.0640625 0.0578125
1 0.23671875 0.08125 0.075 0.05625
1 0.48828125 0.159375 0.0953125 0.06875
1 0.190625 0.271875 0.1 0.0796875
1 0.05703125 0.21953125 0.06875 0.059375
1 0.15859375 0.21484375 0.05 0.0328125
1 0.278125 0.059375 0.1078125 0.0609375
1 0.3875 0.08984375 0.05625 0.0359375
1 0.5421875 0.3875 0.1125 0.0625
1 0.58671875 0.33203125 0.0671875 0.04375
1 0.68203125 0.409375 0.0921875 0.059375
1 0.60625 0.45625 0.08125 0.0609375
1 0.5140625 0.1078125 0.06875 0.0453125
1 0.45078125 0.13515625 0.0703125 0.0515625
1 0.221875 0.13359375 0.065625 0.053125
1 0.265625 0.1265625 0.0421875 0.028125
1 0.48828125 0.49609375 0.140625 0.09375
1 0.271875 0.71796875 0.065625 0.0484375
1 0.7734375 0.696875 0.0875 0.071875
0 0.6421875 0.82734375 0.171875 0.121875
0 0.6203125 0.62265625 0.196875 0.1234375
0 0.6390625 0.7 0.159375 0.1171875
0 0.37734375 0.17109375 0.1125 0.0875