0 0.04375 0.6734375 0.08125 0.1609375
0 0.40078125 0.36484375 0.1171875 0.1625
0 0.7296875 0.52890625 0.0953125 0.14375
0 0.771875 0.446875 0.08125 0.109375
0 0.85703125 0.68828125 0.0625 0.09375
1 0.0703125 0.28203125 0.0796875 0.13125
1 0.06953125 0.51015625 0.065625 0.1046875
1 0.01640625 0.5375 0.0328125 0.159375
1 0.24140625 0.43515625 0.075 0.1046875
1 0.3015625 0.5046875 0.06875 0.0953125
1 0.303125 0.27265625 0.078125 0.096875
1 0.2359375 0.2140625 0.0484375 0.0609375
1 0.1875 0.25234375 0.05 0.08125
1 0.18125 0.3546875 0.084375 0.128125
1 0.2203125 0.59765625 0.0765625 0.1125
1 0.18671875 0.5359375 0.0734375 0.08125
1 0.50390625 0.5125 0.084375 0.0875
1 0.4734375 0.425 0.0625 0.0796875
1 0.490625 0.3109375 0.0734375 0.109375
1 0.5546875 0.2390625 0.046875 0.078125
1 0.5140625 0.325 0.0359375 0.0484375
1 0.565625 0.46015625 0.05 0.0765625
1 0.621875 0.4796875 0.0515625 0.0578125
1 0.9609375 0.67890625 0.0484375 0.0703125
1 0.83671875 0.446875 0.059375 0.090625
1 0.7828125 0.7609375 0.06875 0.0921875
1 0.859375 0.88125 0.0515625 0.0640625
1 0.8453125 0.78125 0.028125 0.0484375
1 0.97421875 0.63359375 0.0484375 0.1015625
1 0.92421875 0.53203125 0.0296875 0.0546875
1 0.60234375 0.43671875 0.05 0.1078125
1 0.6484375 0.3828125 0.0375 0.0640625
1 0.55390625 0.30390625 0.05 0.0890625
1 0.52265625 0.3875 0.053125 0.0765625
1 0.88203125 0.41171875 0.0375 0.0640625
1 0.8671875 0.47890625 0.04375 0.065625
1 0.9125 0.703125 0.0453125 0.0609375
1 0.9109375 0.659375 0.025 0.040625
1 0.50546875 0.5109375 0.078125 0.134375
1 0.3296875 0.765625 0.0421875 0.0625
1 0.2546875 0.26953125 0.0640625 0.08125
0 0.1515625 0.42265625 0.103125 0.1625
0 0.35703125 0.4046875 0.1015625 0.1875
0 0.2765625 0.4015625 0.1 0.15
0 0.84609375 0.5578125 0.075 0.10625