0 0.06484375 0.71953125 0.0984375 0.1671875
0 0.3875 0.3765625 0.1328125 0.1734375
0 0.73203125 0.5046875 0.109375 0.1515625
0 0.76484375 0.41875 0.0921875 0.115625
0 0.87421875 0.65 0.071875 0.1
1 0.05 0.328125 0.0921875 0.1375
1 0.0734375 0.55546875 0.0765625 0.1109375
1 0.02421875 0.58671875 0.0484375 0.1609375
1 0.2359375 0.4625 0.0859375 0.1109375
1 0.303125 0.525 0.078125 0.1015625
1 0.28046875 0.29453125 0.0875 0.103125
1 0.2078125 0.24296875 0.0546875 0.065625
1 0.16328125 0.2859375 0.0578125 0.0859375
1 0.16796875 0.3890625 0.096875 0.134375
1 0.23203125 0.62578125 0.0875 0.11875
1 0.1921875 0.56875 0.08125 0.0875
1 0.5046875 0.51171875 0.0921875 0.0953125
1 0.465625 0.428125 0.0703125 0.0859375
1 0.4703125 0.31328125 0.084375 0.115625
1 0.52734375 0.23515625 0.0546875 0.08125
1 0.49609375 0.325 0.040625 0.0515625
1 0.5609375 0.453125 0.05625 0.08125
1 0.61953125 0.46640625 0.0578125 0.0625
1 0.975 0.6296875 0.05 0.075
1 0.82890625 0.41171875 0.06875 0.0953125
1 0.80859375 0.7296875 0.078125 0.0984375
1 0.89765625 0.84140625 0.0578125 0.06875
1 0.87265625 0.74375 0.0328125 0.05
1 0.978125 0.5828125 0.04375 0.10625
1 0.925 0.4875 0.0359375 0.05625
1 0.5953125 0.4265625 0.0609375 0.1125
1 0.63515625 0.36796875 0.04375 0.0671875
1 0.53359375 0.3 0.059375 0.0921875
1 0.5109375 0.3859375 0.059375 0.08125
1 0.87109375 0.371875 0.04375 0.0671875
1 0.86328125 0.440625 0.05 0.06875
1 0.93203125 0.65859375 0.0515625 0.065625
1 0.92578125 0.615625 0.028125 0.0421875
1 0.50703125 0.51015625 0.090625 0.140625
1 0.3578125 0.78203125 0.0484375 0.0671875
1 0.23125 0.29609375 0.071875 0.0875
0 0.1453125 0.46015625 0.11875 0.1703125
0 0.34765625 0.4203125 0.1203125 0.1953125
0 0.26796875 0.425 0.1140625 0.159375
0 0.85 0.52109375 0.0859375 0.1125