1 0.16171875 0.48125 0.15625 0.1875
1 0.82890625 0.7546875 0.1015625 0.125
1 0.0671875 0.33984375 0.134375 0.1703125
1 0.09140625 0.56328125 0.09375 0.1203125
1 0.0375 0.596875 0.071875 0.153125
1 0.31796875 0.54296875 0.0984375 0.1171875
1 0.25390625 0.47890625 0.128125 0.15
1 0.29453125 0.3109375 0.103125 0.13125
1 0.246875 0.31484375 0.09375 0.1203125
1 0.2171875 0.25234375 0.065625 0.0734375
1 0.175 0.3078125 0.08125 0.0890625
1 0.53984375 0.259375 0.059375 0.0734375
1 0.4953125 0.32421875 0.1046875 0.146875
1 0.5484375 0.3234375 0.090625 0.1125
1 0.48515625 0.43984375 0.0953125 0.1171875
1 0.5265625 0.53671875 0.115625 0.146875
1 0.5625 0.4265625 0.0703125 0.0796875
1 0.57734375 0.46640625 0.0765625 0.0953125
1 0.5234375 0.409375 0.078125 0.0875
1 0.6171875 0.4375 0.0828125 0.1125
1 0.65234375 0.38125 0.0609375 0.071875
1 0.6390625 0.4828125 0.0796875 0.0828125
1 0.8453125 0.4328125 0.0953125 0.1234375
1 0.9796875 0.64921875 0.040625 0.0984375
1 0.978125 0.5546875 0.04375 0.078125
1 0.94453125 0.50625 0.04375 0.0515625
1 0.8890625 0.39453125 0.046875 0.059375
1 0.9890625 0.60625 0.021875 0.1125
1 0.990625 0.72109375 0.01875 0.1234375
1 0.9484375 0.6765625 0.05 0.065625
0 0.89375 0.671875 0.103125 0.1203125
1 0.88046875 0.7375 0.0453125 0.0578125
1 0.92109375 0.85390625 0.0609375 0.0703125
0 0.74765625 0.52109375 0.134375 0.159375
0 0.7828125 0.428125 0.109375 0.1328125
0 0.40703125 0.39296875 0.178125 0.20625
0 0.2796875 0.41640625 0.1203125 0.15
0 0.3734375 0.4578125 0.1375 0.1734375
0 0.0953125 0.70234375 0.1453125 0.20625