0 0.48125 0.03671875 0.175 0.0734375
0 0.66015625 0.45 0.1921875 0.1546875
0 0.3984375 0.7078125 0.1671875 0.1296875
0 0.4625 0.77421875 0.1296875 0.109375
0 0.20546875 0.77578125 0.1078125 0.0859375
1 0.84609375 0.1640625 0.1515625 0.1140625
1 0.63046875 0.08984375 0.121875 0.0921875
1 0.62109375 0.03515625 0.165625 0.0671875
1 0.64609375 0.2765625 0.121875 0.1015625
1 0.56015625 0.3109375 0.1125 0.0921875
1 0.77890625 0.3875 0.115625 0.1015625
1 0.85625 0.34375 0.0734375 0.0640625
1 0.8359375 0.28515625 0.09375 0.0703125
1 0.740625 0.24609375 0.1484375 0.115625
1 0.49921875 0.20390625 0.1296875 0.1046875
1 0.56796875 0.1921875 0.096875 0.090625
1 0.4875 0.49921875 0.10625 0.10625
1 0.5796875 0.49921875 0.0953125 0.08125
1 0.68203125 0.55234375 0.1265625 0.1
1 0.728125 0.63671875 0.090625 0.065625
1 0.66015625 0.5703125 0.05625 0.046875
1 0.51640625 0.575 0.0890625 0.0671875
1 0.4796875 0.621875 0.0703125 0.0671875
1 0.18125 0.878125 0.0828125 0.065625
1 0.440625 0.8359375 0.1046875 0.08125
1 0.16171875 0.6828125 0.1109375 0.09375
1 0.03046875 0.715625 0.0609375 0.06875
1 0.121875 0.73515625 0.0546875 0.0390625
1 0.21875 0.90546875 0.1140625 0.0765625
1 0.33125 0.890625 0.0609375 0.04375
1 0.52578125 0.6171875 0.1203125 0.078125
1 0.5625 0.678125 0.071875 0.053125
1 0.66796875 0.61484375 0.1 0.071875
1 0.59921875 0.5578125 0.0890625 0.071875
1 0.459375 0.890625 0.075 0.0546875
1 0.40078125 0.8546875 0.0765625 0.0609375
1 0.1734375 0.82421875 0.071875 0.0625
1 0.215625 0.8375 0.046875 0.034375
1 0.4875 0.50234375 0.1515625 0.1125
1 0.3046875 0.25234375 0.071875 0.0578125
1 0.7984375 0.34296875 0.096875 0.0828125
0 0.68671875 0.1953125 0.1875 0.1453125
0 0.6359375 0.3953125 0.2125 0.15
0 0.665625 0.32109375 0.175 0.1390625
0 0.3328125 0.80859375 0.1234375 0.1015625