1 0.82421875 0.58359375 0.15 0.18125
1 0.20078125 0.25390625 0.0953125 0.1203125
1 0.9015625 0.73203125 0.1328125 0.165625
1 0.90390625 0.50703125 0.0890625 0.11875
1 0.96015625 0.47890625 0.0640625 0.153125
1 0.67734375 0.50859375 0.096875 0.1140625
1 0.73203125 0.578125 0.1234375 0.1421875
1 0.67265625 0.74375 0.0984375 0.1265625
1 0.71875 0.74296875 0.090625 0.11875
1 0.74140625 0.80859375 0.0625 0.071875
1 0.7890625 0.75625 0.0796875 0.084375
1 0.4234375 0.775 0.059375 0.071875
1 0.47578125 0.7125 0.1 0.1421875
1 0.42265625 0.709375 0.0890625 0.109375
1 0.50078125 0.59765625 0.0921875 0.1140625
1 0.4703125 0.49765625 0.1109375 0.1390625
1 0.42265625 0.60546875 0.0671875 0.075
1 0.41171875 0.5640625 0.0734375 0.0921875
1 0.45859375 0.625 0.0765625 0.084375
1 0.3703125 0.58828125 0.0796875 0.1109375
1 0.32734375 0.6421875 0.0578125 0.0703125
1 0.353125 0.54140625 0.078125 0.0765625
1 0.14375 0.57421875 0.0890625 0.11875
1 0.02890625 0.3453125 0.0578125 0.09375
1 0.025 0.440625 0.05 0.078125
1 0.05625 0.49375 0.04375 0.0515625
1 0.09609375 0.61015625 0.0453125 0.059375
1 0.015625 0.384375 0.03125 0.109375
1 0.021875 0.2703125 0.04375 0.11875
1 0.0734375 0.32265625 0.046875 0.0640625
0 0.1265625 0.33203125 0.1015625 0.115625
1 0.14765625 0.26640625 0.0421875 0.0546875
1 0.12265625 0.146875 0.0609375 0.0671875
0 0.2515625 0.49453125 0.1296875 0.153125
0 0.20390625 0.5859375 0.1046875 0.128125
0 0.5703125 0.65078125 0.16875 0.1953125
0 0.7 0.63828125 0.115625 0.14375
0 0.61328125 0.5890625 0.13125 0.16875
0 0.915625 0.36875 0.134375 0.1984375