0 0.1546875 0.4828125 0.1078125 0.1234375
0 0.20625 0.59765625 0.1109375 0.1375
0 0.2375 0.72421875 0.121875 0.1578125
0 0.3265625 0.734375 0.115625 0.1546875
0 0.36953125 0.7796875 0.078125 0.115625
0 0.4828125 0.67890625 0.0859375 0.1171875
0 0.56171875 0.61171875 0.0796875 0.1109375
0 0.61171875 0.5984375 0.08125 0.0984375
0 0.59140625 0.78125 0.0796875 0.1171875
0 0.25625 0.4328125 0.0890625 0.1
0 0.18828125 0.37734375 0.0578125 0.0734375
0 0.84140625 0.81484375 0.0546875 0.071875
1 0.89296875 0.84921875 0.0453125 0.0625
1 0.3796875 0.66953125 0.071875 0.0921875
1 0.41171875 0.7796875 0.0375 0.0515625
1 0.42890625 0.74140625 0.0390625 0.04375
1 0.75234375 0.76328125 0.0421875 0.0453125
1 0.26640625 0.59140625 0.0484375 0.0625