0 0.81171875 0.6078125 0.11875 0.1265625
0 0.71875 0.69296875 0.121875 0.140625
0 0.63984375 0.79765625 0.134375 0.159375
0 0.55703125 0.76875 0.128125 0.15625
0 0.5 0.79296875 0.0875 0.1171875
0 0.4390625 0.65234375 0.0921875 0.11875
0 0.39609375 0.55703125 0.0875 0.1125
0 0.35703125 0.52265625 0.0890625 0.1
0 0.30078125 0.70078125 0.0875 0.11875
0 0.7421875 0.51875 0.0953125 0.1015625
0 0.82421875 0.49609375 0.0625 0.075
0 0.06328125 0.62734375 0.0609375 0.071875
1 0.0140625 0.6375 0.028125 0.0625
1 0.53515625 0.68671875 0.0796875 0.09375
1 0.46171875 0.77578125 0.0421875 0.0515625
1 0.46171875 0.7328125 0.0421875 0.04375
1 0.16328125 0.61640625 0.0453125 0.0453125
1 0.66796875 0.6609375 0.053125 0.0625