0 0.765625 0.8484375 0.0984375 0.1671875
0 0.92109375 0.8921875 0.10625 0.1765625
0 0.7671875 0.52890625 0.0765625 0.128125
0 0.5984375 0.47109375 0.075 0.1125
0 0.45 0.40859375 0.0609375 0.096875
0 0.52109375 0.5484375 0.0515625 0.096875
0 0.48515625 0.72890625 0.0640625 0.103125
0 0.45390625 0.6546875 0.0546875 0.0984375
0 0.40703125 0.58984375 0.05 0.090625
0 0.303125 0.48203125 0.040625 0.0640625
0 0.31484375 0.4046875 0.05 0.075
0 0.21015625 0.6375 0.034375 0.0546875
0 0.1875 0.68515625 0.0328125 0.0515625
0 0.33515625 0.759375 0.0421875 0.0859375
0 0.75546875 0.76328125 0.0625 0.1171875
0 0.79375 0.78515625 0.071875 0.125
0 0.2875 0.50859375 0.0359375 0.06875
0 0.4875 0.61953125 0.0609375 0.10625
1 0.9359375 0.35546875 0.1203125 0.19375
1 0.7953125 0.359375 0.0703125 0.128125
1 0.71328125 0.528125 0.0390625 0.0671875
1 0.79921875 0.55078125 0.0578125 0.09375
1 0.67421875 0.63515625 0.0578125 0.090625
1 0.58046875 0.64609375 0.0484375 0.071875
1 0.41953125 0.86484375 0.0546875 0.0796875
1 0.640625 0.971875 0.0328125 0.04375
1 0.80390625 0.94609375 0.0796875 0.0796875
1 0.90078125 0.80390625 0.053125 0.078125
1 0.56015625 0.525 0.0546875 0.084375
1 0.4328125 0.740625 0.05 0.090625
1 0.45078125 0.74140625 0.040625 0.065625
1 0.46953125 0.7875 0.040625 0.0671875
1 0.359375 0.74609375 0.028125 0.0546875
1 0.371875 0.5859375 0.0375 0.0578125
1 0.2984375 0.7125 0.03125 0.0484375
1 0.38125 0.8078125 0.0265625 0.0515625
1 0.4 0.79765625 0.03125 0.0609375