1 0.9671875 0.67734375 0.0515625 0.0875
1 0.7984375 0.465625 0.0515625 0.0890625
1 0.73671875 0.27890625 0.071875 0.1203125
1 0.70625 0.5859375 0.05625 0.08125
1 0.6140625 0.6171875 0.0453125 0.075
1 0.55078125 0.78671875 0.0453125 0.0890625
1 0.4921875 0.8203125 0.028125 0.053125
1 0.50390625 0.76171875 0.0484375 0.0765625
1 0.521875 0.75234375 0.046875 0.0796875
1 0.3984375 0.8015625 0.03125 0.0390625
1 0.434375 0.7890625 0.0390625 0.0640625
1 0.47421875 0.83671875 0.0328125 0.0484375
1 0.5234375 0.87890625 0.0515625 0.0859375
1 0.775 0.91875 0.0390625 0.0703125
1 0.5546875 0.51015625 0.0640625 0.0953125
1 0.36328125 0.76796875 0.034375 0.046875
1 0.40703125 0.77734375 0.025 0.0421875
1 0.3984375 0.6265625 0.04375 0.0578125
1 0.278125 0.57578125 0.025 0.0453125
1 0.86796875 0.22578125 0.115625 0.18125
1 0.3453125 0.64296875 0.05 0.078125
1 0.24140625 0.790625 0.0296875 0.05
1 0.24609375 0.7515625 0.028125 0.04375
1 0.3015625 0.775 0.0328125 0.0515625
1 0.2921875 0.7328125 0.0296875 0.040625
1 0.38671875 0.75 0.0390625 0.0640625
0 0.98046875 0.76953125 0.025 0.209375
0 0.85234375 0.75703125 0.090625 0.175
0 0.81328125 0.659375 0.05625 0.071875
0 0.865625 0.68828125 0.0640625 0.109375
0 0.571875 0.45 0.090625 0.1015625
0 0.7578125 0.4515625 0.075 0.13125
0 0.55 0.72578125 0.05625 0.090625
0 0.49765625 0.6671875 0.0546875 0.0875
0 0.5296875 0.54609375 0.0609375 0.0921875
0 0.41640625 0.43125 0.059375 0.0859375
0 0.296875 0.58671875 0.0265625 0.046875
0 0.3015625 0.54296875 0.040625 0.0640625
0 0.2890625 0.475 0.0453125 0.06875
1 0.92578125 0.853125 0.078125 0.1171875