0 0.759375 0.853125 0.0859375 0.1625
0 0.91484375 0.9078125 0.0890625 0.184375
0 0.76640625 0.53359375 0.065625 0.1265625
0 0.59921875 0.47265625 0.06875 0.10625
0 0.4515625 0.4078125 0.053125 0.0921875
0 0.52109375 0.5484375 0.04375 0.09375
0 0.48125 0.7296875 0.05625 0.0984375
0 0.4515625 0.65390625 0.046875 0.09375
0 0.40546875 0.58828125 0.04375 0.0875
0 0.30390625 0.47890625 0.0359375 0.0609375
0 0.31640625 0.4015625 0.04375 0.0734375
0 0.2078125 0.6328125 0.0296875 0.053125
0 0.184375 0.6796875 0.028125 0.0515625
0 0.33046875 0.75703125 0.0359375 0.084375
0 0.75078125 0.76796875 0.053125 0.1140625
0 0.78828125 0.78984375 0.0625 0.1203125
0 0.2875 0.5046875 0.0328125 0.065625
0 0.4859375 0.61953125 0.0546875 0.1015625
1 0.93828125 0.3625 0.1046875 0.1875
1 0.79765625 0.3640625 0.059375 0.1234375
1 0.71328125 0.53125 0.0328125 0.0625
1 0.7984375 0.55625 0.05 0.0875
1 0.67265625 0.6375 0.0515625 0.0859375
1 0.578125 0.64765625 0.04375 0.0703125
1 0.41328125 0.86328125 0.046875 0.0765625
1 0.63203125 0.9765625 0.0296875 0.046875
1 0.79609375 0.95703125 0.0734375 0.0859375
1 0.89609375 0.81015625 0.0484375 0.071875
1 0.559375 0.52578125 0.0484375 0.08125
1 0.428125 0.7390625 0.0421875 0.0859375
1 0.446875 0.73984375 0.0359375 0.0625
1 0.4640625 0.78671875 0.0359375 0.0640625
1 0.35546875 0.74296875 0.0265625 0.0515625
1 0.3703125 0.58359375 0.0328125 0.0578125
1 0.29453125 0.70859375 0.0265625 0.046875
1 0.3765625 0.80625 0.0234375 0.05
1 0.39453125 0.79609375 0.0265625 0.0609375