0 0.7953125 0.17578125 0.0859375 0.1625
0 0.95546875 0.1265625 0.0890625 0.209375
0 0.76875 0.49453125 0.0671875 0.125
0 0.59609375 0.53671875 0.065625 0.1078125
0 0.4421875 0.5859375 0.0546875 0.09375
0 0.52578125 0.45390625 0.0453125 0.0953125
0 0.5046875 0.2703125 0.05625 0.1
0 0.46796875 0.3421875 0.0484375 0.0953125
0 0.41484375 0.40234375 0.04375 0.0890625
0 0.303125 0.50078125 0.034375 0.0609375
0 0.30703125 0.578125 0.04375 0.0734375
0 0.22265625 0.3375 0.03125 0.053125
0 0.20546875 0.28828125 0.0296875 0.0515625
0 0.35859375 0.2265625 0.0359375 0.0828125
0 0.778125 0.259375 0.053125 0.1140625
0 0.8171875 0.2421875 0.0625 0.121875
0 0.2890625 0.4734375 0.03125 0.0671875
0 0.4984375 0.3796875 0.053125 0.103125
1 0.921875 0.6828125 0.10625 0.1890625
1 0.78125 0.665625 0.0609375 0.125
1 0.715625 0.490625 0.0328125 0.0640625
1 0.80234375 0.475 0.0515625 0.0890625
1 0.6859375 0.38046875 0.0515625 0.0859375
1 0.5921875 0.36171875 0.04375 0.0703125
1 0.45234375 0.1296875 0.046875 0.0765625
1 0.68125 0.03515625 0.0296875 0.0546875
1 0.84375 0.06796875 0.0734375 0.1015625
1 0.9265625 0.2328125 0.0484375 0.0734375
1 0.56171875 0.48046875 0.0484375 0.08125
1 0.45390625 0.2546875 0.04375 0.0890625
1 0.471875 0.25546875 0.0359375 0.0625
1 0.49453125 0.2109375 0.0375 0.0640625
1 0.38125 0.24296875 0.0265625 0.053125
1 0.37890625 0.40390625 0.0328125 0.05625
1 0.31796875 0.27109375 0.0265625 0.0453125
1 0.409375 0.18203125 0.0234375 0.0515625
1 0.42578125 0.1953125 0.0265625 0.059375