0 0.778125 0.8390625 0.078125 0.1578125
0 0.9359375 0.896875 0.0796875 0.2046875
0 0.76796875 0.51953125 0.0609375 0.121875
0 0.59765625 0.46796875 0.0609375 0.1046875
0 0.446875 0.4109375 0.05 0.090625
0 0.5234375 0.54765625 0.0390625 0.09375
0 0.49296875 0.7296875 0.0515625 0.096875
0 0.459375 0.65625 0.0421875 0.09375
0 0.41015625 0.59296875 0.0390625 0.0875
0 0.303125 0.4890625 0.0328125 0.0578125
0 0.31171875 0.41171875 0.040625 0.071875
0 0.21484375 0.64765625 0.028125 0.0515625
0 0.19453125 0.69609375 0.0265625 0.05
0 0.34453125 0.765625 0.03125 0.0828125
0 0.76484375 0.7546875 0.046875 0.1125
0 0.803125 0.77421875 0.05625 0.11875
0 0.28828125 0.515625 0.028125 0.065625
0 0.4921875 0.6203125 0.0484375 0.1
1 0.93046875 0.33984375 0.096875 0.184375
1 0.78984375 0.34921875 0.0546875 0.121875
1 0.71484375 0.5203125 0.0296875 0.0625
1 0.80078125 0.540625 0.046875 0.0875
1 0.6796875 0.62890625 0.046875 0.084375
1 0.58515625 0.64296875 0.040625 0.06875
1 0.4328125 0.8671875 0.04375 0.075
1 0.65703125 0.9734375 0.0265625 0.053125
1 0.8203125 0.94921875 0.06875 0.0984375
1 0.91171875 0.7890625 0.0453125 0.071875
1 0.5609375 0.52265625 0.04375 0.0796875
1 0.44140625 0.74296875 0.0390625 0.0875
1 0.459375 0.74296875 0.0328125 0.0609375
1 0.4796875 0.78828125 0.0328125 0.0625
1 0.36796875 0.75078125 0.0234375 0.0515625
1 0.37421875 0.58984375 0.0296875 0.0546875
1 0.30625 0.71875 0.0234375 0.0453125
1 0.39296875 0.8125 0.0203125 0.05
1 0.41015625 0.80078125 0.0234375 0.0578125