1 0.8859375 0.16953125 0.0640625 0.09375
1 0.81328125 0.43203125 0.059375 0.09375
1 0.83046875 0.62890625 0.0828125 0.1296875
1 0.68125 0.35703125 0.0625 0.0875
1 0.584375 0.365625 0.053125 0.0796875
1 0.45859375 0.234375 0.0546875 0.0921875
1 0.39140625 0.2265625 0.034375 0.0578125
1 0.42578125 0.27578125 0.05625 0.08125
1 0.44609375 0.2765625 0.05625 0.0859375
1 0.3140625 0.28125 0.0328125 0.0421875
1 0.3515625 0.278125 0.0453125 0.0703125
1 0.36875 0.21953125 0.0375 0.053125
1 0.3984375 0.16015625 0.0609375 0.0921875
1 0.6125 0.03359375 0.0421875 0.05625
1 0.5734375 0.48671875 0.0734375 0.103125
1 0.29453125 0.32578125 0.0390625 0.05
1 0.33125 0.29921875 0.0296875 0.0453125
1 0.3828125 0.4421875 0.05 0.0625
1 0.29296875 0.5359375 0.0296875 0.0484375
1 0.95234375 0.625 0.0953125 0.19375
1 0.328125 0.44765625 0.05625 0.084375
1 0.17421875 0.353125 0.034375 0.053125
1 0.19375 0.38828125 0.0328125 0.0484375
1 0.2359375 0.34375 0.0390625 0.0546875
1 0.24296875 0.3859375 0.034375 0.0453125
1 0.32265625 0.33359375 0.0453125 0.0703125
0 0.89609375 0.08671875 0.1171875 0.1734375
1 0.92578125 0.08671875 0.0546875 0.1359375
0 0.74765625 0.1421875 0.1078125 0.184375
0 0.75078125 0.246875 0.0625 0.078125
0 0.7875 0.2 0.071875 0.115625
0 0.6125 0.5359375 0.1 0.1109375
0 0.7828125 0.4609375 0.0875 0.140625
0 0.4828125 0.290625 0.0640625 0.096875
0 0.4578125 0.365625 0.0625 0.09375
0 0.5359375 0.4640625 0.0703125 0.1
0 0.4765625 0.61484375 0.0671875 0.0921875
0 0.30546875 0.51953125 0.0328125 0.05
0 0.3265625 0.5578125 0.0484375 0.06875
0 0.3421875 0.625 0.0515625 0.0734375
1 0.77890625 0.04375 0.0828125 0.0875