0 0.771875 0.84375 0.08125 0.159375
0 0.92890625 0.90078125 0.0828125 0.1984375
0 0.76796875 0.52421875 0.0625 0.1234375
0 0.5984375 0.46953125 0.0625 0.10625
0 0.4484375 0.41015625 0.0515625 0.0921875
0 0.52265625 0.5484375 0.0421875 0.09375
0 0.4890625 0.7296875 0.053125 0.0984375
0 0.45703125 0.65546875 0.0453125 0.09375
0 0.40859375 0.59140625 0.040625 0.0875
0 0.303125 0.4859375 0.0328125 0.059375
0 0.31328125 0.40859375 0.0421875 0.071875
0 0.2125 0.64296875 0.0296875 0.0515625
0 0.19140625 0.690625 0.028125 0.05
0 0.33984375 0.7625 0.0328125 0.0828125
0 0.76015625 0.759375 0.0484375 0.1140625
0 0.7984375 0.7796875 0.0578125 0.1203125
0 0.28828125 0.51171875 0.0296875 0.065625
0 0.48984375 0.6203125 0.05 0.1015625
1 0.9328125 0.34765625 0.1 0.1859375
1 0.7921875 0.3546875 0.05625 0.1234375
1 0.71484375 0.52421875 0.03125 0.0625
1 0.8 0.54609375 0.0484375 0.0890625
1 0.67734375 0.63203125 0.0484375 0.0859375
1 0.5828125 0.64453125 0.0421875 0.06875
1 0.4265625 0.865625 0.0453125 0.075
1 0.6484375 0.97421875 0.028125 0.0515625
1 0.81171875 0.95234375 0.0703125 0.0953125
1 0.90625 0.79609375 0.046875 0.071875
1 0.56015625 0.5234375 0.0453125 0.0796875
1 0.4375 0.7421875 0.040625 0.0875
1 0.45546875 0.7421875 0.0328125 0.0609375
1 0.475 0.7875 0.034375 0.0625
1 0.36328125 0.7484375 0.025 0.0515625
1 0.37265625 0.5875 0.03125 0.0546875
1 0.30234375 0.715625 0.025 0.0453125
1 0.3875 0.8109375 0.021875 0.05
1 0.4046875 0.79921875 0.025 0.0578125