1 0.9234375 0.78125 0.053125 0.0875
1 0.81953125 0.52890625 0.0484375 0.0890625
1 0.8125 0.33203125 0.06875 0.121875
1 0.69765625 0.61953125 0.053125 0.08125
1 0.6 0.6234375 0.04375 0.075
1 0.49140625 0.76875 0.04375 0.0890625
1 0.42578125 0.784375 0.028125 0.0546875
1 0.45390625 0.73125 0.046875 0.0765625
1 0.4734375 0.728125 0.0453125 0.0796875
1 0.3421875 0.73984375 0.0296875 0.0390625
1 0.3796875 0.73828125 0.0375 0.065625
1 0.40390625 0.79453125 0.03125 0.05
1 0.440625 0.85 0.05 0.0859375
1 0.66875 0.94921875 0.0359375 0.0515625
1 0.57421875 0.50390625 0.0625 0.096875
1 0.3171875 0.69765625 0.034375 0.046875
1 0.35703125 0.71953125 0.025 0.0421875
1 0.390625 0.571875 0.0421875 0.0578125
1 0.28984375 0.48984375 0.025 0.0453125
1 0.9484375 0.31875 0.103125 0.1828125
1 0.3359375 0.57265625 0.0484375 0.0796875
1 0.19453125 0.68515625 0.028125 0.05
1 0.209375 0.6484375 0.028125 0.0453125
1 0.25703125 0.6875 0.0328125 0.0515625
1 0.25859375 0.64453125 0.0296875 0.0421875
1 0.34453125 0.68671875 0.0375 0.065625
0 0.9453125 0.871875 0.0953125 0.184375
1 0.97265625 0.85859375 0.0390625 0.1328125
0 0.7890625 0.825 0.0875 0.1765625
0 0.7796875 0.7203125 0.0546875 0.071875
0 0.821875 0.7625 0.059375 0.109375
0 0.60703125 0.45078125 0.0875 0.1015625
0 0.78515625 0.5046875 0.071875 0.1328125
0 0.50859375 0.71015625 0.053125 0.090625
0 0.47421875 0.63828125 0.0515625 0.0875
0 0.53984375 0.53125 0.059375 0.0921875
0 0.4625 0.3890625 0.0578125 0.0859375
0 0.3046875 0.5046875 0.0265625 0.046875
0 0.32109375 0.4640625 0.040625 0.0640625
0 0.328125 0.3953125 0.04375 0.06875
1 0.8328125 0.9234375 0.0734375 0.090625