0 0.26015625 0.77421875 0.215625 0.2453125
0 0.72890625 0.71484375 0.3109375 0.4171875
0 0.60234375 0.56796875 0.1953125 0.2578125
0 0.51796875 0.3578125 0.159375 0.2140625
0 0.3859375 0.3625 0.1859375 0.225
0 0.425 0.1875 0.15625 0.1984375
0 0.61328125 0.42734375 0.175 0.1953125
0 0.5453125 0.253125 0.1171875 0.184375
0 0.865625 0.85390625 0.221875 0.1734375
1 0.171875 0.625 0.140625 0.1875
1 0.05546875 0.44375 0.1015625 0.125
1 0.15625 0.3796875 0.103125 0.1171875
1 0.278125 0.38203125 0.1390625 0.196875
1 0.22109375 0.45390625 0.1203125 0.1671875
1 0.39296875 0.428125 0.109375 0.1484375
1 0.5546875 0.69609375 0.115625 0.153125
1 0.45546875 0.54765625 0.0984375 0.1375
1 0.640625 0.88984375 0.14375 0.1484375
1 0.40234375 0.69375 0.1609375 0.2234375
1 0.515625 0.5828125 0.0734375 0.0984375
1 0.33828125 0.2640625 0.075 0.1