0 0.8 0.32421875 0.2625 0.271875
0 0.340625 0.228125 0.38125 0.4515625
0 0.41640625 0.41171875 0.23125 0.2734375
0 0.34140625 0.55625 0.1828125 0.2
0 0.41015625 0.64296875 0.215625 0.253125
0 0.36328125 0.73203125 0.1671875 0.2046875
0 0.45234375 0.8328125 0.1921875 0.23125
0 0.5234375 0.66875 0.2375 0.26875
0 0.26484375 0.0875 0.209375 0.1328125
1 0.83203125 0.5046875 0.1859375 0.2046875
1 0.8890625 0.72109375 0.090625 0.1078125
1 0.72421875 0.6203125 0.1546875 0.1671875
1 0.76484375 0.7359375 0.14375 0.153125
1 0.64765625 0.7046875 0.1828125 0.228125
1 0.553125 0.61328125 0.15625 0.1875
1 0.49765625 0.31796875 0.146875 0.16875
1 0.48046875 0.09609375 0.15 0.1671875