0 0.2296875 0.25546875 0.246875 0.2140625
0 0.28046875 0.725 0.4203125 0.3078125
0 0.4296875 0.6015625 0.259375 0.1921875
0 0.64140625 0.5203125 0.2140625 0.15625
0 0.63984375 0.3890625 0.2234375 0.184375
0 0.8140625 0.43046875 0.1984375 0.1515625
0 0.57109375 0.6140625 0.1953125 0.171875
0 0.74609375 0.55 0.1828125 0.1140625
0 0.13984375 0.859375 0.16875 0.221875
1 0.38125 0.1703125 0.1859375 0.1375
1 0.5640625 0.05625 0.1265625 0.1
1 0.6265625 0.15859375 0.1171875 0.1
1 0.621875 0.28046875 0.196875 0.1375
1 0.55078125 0.221875 0.165625 0.115625
1 0.5734375 0.39375 0.1515625 0.109375
1 0.30234375 0.5515625 0.1515625 0.1125
1 0.453125 0.4546875 0.1375 0.0984375
1 0.1078125 0.634375 0.15 0.14375
1 0.30859375 0.3984375 0.225 0.1578125
1 0.41640625 0.5140625 0.1 0.0734375
1 0.7390625 0.34296875 0.1 0.0734375