0 0.81015625 0.30859375 0.19375 0.2109375
0 0.35 0.21171875 0.2546875 0.384375
0 0.42578125 0.3984375 0.1578125 0.2265625
0 0.3515625 0.54296875 0.1296875 0.1609375
0 0.421875 0.628125 0.146875 0.2109375
0 0.37421875 0.7171875 0.1078125 0.1734375
0 0.4640625 0.81796875 0.125 0.19375
0 0.53515625 0.653125 0.165625 0.21875
0 0.2671875 0.0578125 0.178125 0.115625
1 0.84375 0.4875 0.13125 0.165625
1 0.9015625 0.70234375 0.0625 0.0890625
1 0.73671875 0.60390625 0.1109375 0.1328125
1 0.7765625 0.71796875 0.103125 0.121875
1 0.66015625 0.6890625 0.1171875 0.19375
1 0.5640625 0.5984375 0.1046875 0.15625
1 0.50703125 0.303125 0.103125 0.1390625
1 0.4890625 0.08359375 0.10625 0.1359375