0 0.828125 0.384375 0.2296875 0.2390625
0 0.3953125 0.203125 0.321875 0.40625
0 0.434375 0.39765625 0.1953125 0.246875
0 0.33359375 0.525 0.1578125 0.178125
0 0.384375 0.62265625 0.184375 0.228125
0 0.32109375 0.7015625 0.140625 0.1875
0 0.38984375 0.81796875 0.1625 0.209375
0 0.490625 0.6703125 0.203125 0.240625
0 0.346875 0.05078125 0.196875 0.1015625
1 0.825 0.56796875 0.159375 0.1828125
1 0.83984375 0.79140625 0.0765625 0.0984375
1 0.696875 0.6609375 0.134375 0.1484375
1 0.71484375 0.78203125 0.1234375 0.1359375
1 0.60625 0.72890625 0.153125 0.2078125
1 0.53046875 0.621875 0.13125 0.16875
1 0.5328125 0.32109375 0.125 0.1515625
1 0.5578125 0.09921875 0.1296875 0.1484375