0 0.83125 0.34765625 0.21875 0.2328125
0 0.3859375 0.20078125 0.3 0.4015625
0 0.4390625 0.38984375 0.184375 0.2453125
0 0.34765625 0.52421875 0.146875 0.175
0 0.40703125 0.61796875 0.171875 0.228125
0 0.3484375 0.7 0.128125 0.184375
0 0.42578125 0.8109375 0.1484375 0.2078125
0 0.51640625 0.65625 0.190625 0.2375
0 0.321875 0.05 0.190625 0.1
1 0.84296875 0.5296875 0.15 0.1796875
1 0.87421875 0.75 0.0734375 0.0953125
1 0.72265625 0.63203125 0.1265625 0.1453125
1 0.74765625 0.75 0.1171875 0.1328125
1 0.6359375 0.70703125 0.140625 0.20625
1 0.5515625 0.60546875 0.121875 0.1671875
1 0.53125 0.30546875 0.11875 0.15
1 0.53984375 0.08515625 0.121875 0.1484375