0 0.28671875 0.2046875 0.278125 0.2515625
0 0.23828125 0.67421875 0.4640625 0.3734375
0 0.41015625 0.584375 0.2859375 0.2328125
0 0.634375 0.54921875 0.2359375 0.190625
0 0.659375 0.4203125 0.2515625 0.2203125
0 0.82109375 0.496875 0.2203125 0.1828125
0 0.5453125 0.6265625 0.221875 0.203125
0 0.73046875 0.6 0.1984375 0.14375
0 0.0875 0.7765625 0.175 0.246875
1 0.45234375 0.15234375 0.20625 0.1671875
1 0.6546875 0.0796875 0.140625 0.1203125
1 0.6953125 0.1921875 0.1328125 0.1171875
1 0.66484375 0.3109375 0.2171875 0.16875
1 0.60703125 0.23828125 0.1828125 0.1421875
1 0.59375 0.41171875 0.1671875 0.1328125
1 0.29609375 0.509375 0.16875 0.1359375
1 0.46328125 0.44609375 0.1515625 0.11875
1 0.08828125 0.55 0.1703125 0.165625
1 0.33359375 0.3609375 0.246875 0.19375
1 0.415625 0.49609375 0.1109375 0.0890625
1 0.76640625 0.39609375 0.1109375 0.0890625