0 0.21640625 0.72890625 0.184375 0.2234375
0 0.68828125 0.7515625 0.253125 0.390625
0 0.5890625 0.584375 0.159375 0.240625
0 0.5421875 0.36328125 0.1296875 0.2
0 0.41171875 0.34453125 0.1578125 0.20625
0 0.48046875 0.1796875 0.128125 0.184375
0 0.62421875 0.4484375 0.15 0.1765625
0 0.5875 0.26484375 0.0890625 0.1765625
0 0.7984375 0.9125 0.20625 0.14375
1 0.15546875 0.56640625 0.115625 0.175
1 0.071875 0.3671875 0.0859375 0.115625
1 0.1828125 0.321875 0.0875 0.10625
1 0.30234375 0.3453125 0.1125 0.1859375
1 0.2328125 0.40625 0.096875 0.15625
1 0.40703125 0.4109375 0.0890625 0.1390625
1 0.5203125 0.703125 0.09375 0.1421875
1 0.44765625 0.5390625 0.0796875 0.1296875
1 0.57109375 0.90859375 0.1265625 0.1328125
1 0.3703125 0.6734375 0.1296875 0.2109375
1 0.50078125 0.584375 0.0609375 0.0921875
1 0.38125 0.23984375 0.0609375 0.09375