1 0.41328125 0.3546875 0.1421875 0.2109375
1 0.55546875 0.36328125 0.1125 0.1578125
1 0.61796875 0.3296875 0.0953125 0.13125
1 0.6953125 0.26953125 0.078125 0.1078125
1 0.40234375 0.096875 0.121875 0.1578125
1 0.190625 0.69453125 0.1515625 0.20625
0 0.11171875 0.66015625 0.190625 0.26875
1 0.16875 0.58203125 0.1328125 0.1875
1 0.55234375 0.78828125 0.0796875 0.0953125
1 0.5828125 0.73515625 0.075 0.0859375
1 0.26796875 0.5640625 0.1890625 0.2515625
1 0.415625 0.50078125 0.1875 0.2234375
1 0.25234375 0.728125 0.1578125 0.19375
0 0.490625 0.7625 0.15 0.1921875
1 0.61015625 0.6515625 0.1046875 0.1375
1 0.665625 0.63515625 0.0875 0.1125
1 0.6265625 0.5640625 0.0828125 0.1046875
1 0.51640625 0.55859375 0.13125 0.171875
1 0.471875 0.54609375 0.1046875 0.1265625
1 0.40390625 0.60625 0.115625 0.1609375
0 0.54453125 0.59296875 0.134375 0.1625