1 0.6171875 0.44140625 0.115625 0.2125
1 0.48125 0.3875 0.0953125 0.1578125
1 0.4375 0.3296875 0.078125 0.128125
1 0.39296875 0.24375 0.0671875 0.1078125
1 0.740625 0.2203125 0.10625 0.15625
1 0.67265625 0.834375 0.128125 0.2046875
0 0.7609375 0.83828125 0.159375 0.2671875
1 0.74296875 0.74609375 0.1125 0.1875
1 0.29609375 0.75859375 0.0703125 0.09375
1 0.2921875 0.6984375 0.0671875 0.084375
1 0.65859375 0.68671875 0.1609375 0.25
1 0.55 0.56796875 0.1625 0.2203125
1 0.6015625 0.8375 0.1359375 0.1890625
0 0.36484375 0.7625 0.1296875 0.190625
1 0.303125 0.61328125 0.0875 0.1375
1 0.25859375 0.575 0.075 0.1109375
1 0.3265625 0.53046875 0.071875 0.103125
1 0.43125 0.57265625 0.1125 0.16875
1 0.47734375 0.58359375 0.090625 0.125
1 0.5140625 0.66484375 0.096875 0.1609375
0 0.38984375 0.5921875 0.11875 0.159375