1 0.621875 0.45234375 0.1328125 0.2171875
1 0.49140625 0.3859375 0.10625 0.1625
1 0.453125 0.325 0.0890625 0.1328125
1 0.415625 0.23515625 0.075 0.1125
1 0.7640625 0.2421875 0.1171875 0.1609375
1 0.64296875 0.8484375 0.1421875 0.2109375
0 0.73046875 0.86015625 0.1796875 0.2765625
1 0.7203125 0.76640625 0.1265625 0.1921875
1 0.27421875 0.73984375 0.0765625 0.0984375
1 0.27578125 0.67890625 0.071875 0.0875
1 0.6421875 0.69921875 0.1796875 0.259375
1 0.54375 0.571875 0.1796875 0.2296875
1 0.57109375 0.8453125 0.15 0.196875
0 0.3421875 0.74921875 0.14375 0.1984375
1 0.29453125 0.59609375 0.0984375 0.1421875
1 0.253125 0.55390625 0.0828125 0.115625
1 0.32421875 0.51484375 0.0796875 0.10625
1 0.425 0.56640625 0.125 0.175
1 0.4703125 0.58125 0.0984375 0.1296875
1 0.5 0.665625 0.109375 0.165625
0 0.38203125 0.58203125 0.1296875 0.1671875