1 0.80703125 0.46953125 0.125 0.1734375
1 0.69140625 0.459375 0.20625 0.25625
1 0.53828125 0.640625 0.1515625 0.228125
1 0.5203125 0.909375 0.14375 0.18125
1 0.40078125 0.60625 0.1140625 0.159375
1 0.46015625 0.42109375 0.128125 0.1734375
1 0.51015625 0.43828125 0.1140625 0.146875
1 0.334375 0.63828125 0.09375 0.125
1 0.2546875 0.671875 0.0859375 0.1125
1 0.4171875 0.23203125 0.0765625 0.096875
1 0.71640625 0.23046875 0.10625 0.1359375
1 0.79765625 0.35234375 0.15 0.2015625
0 0.87109375 0.40078125 0.221875 0.2828125
0 0.50390625 0.221875 0.1640625 0.2140625
0 0.428125 0.39140625 0.14375 0.1890625
0 0.54140625 0.5109375 0.19375 0.246875
1 0.35703125 0.39375 0.08125 0.103125
1 0.453125 0.18125 0.0796875 0.103125
1 0.58359375 0.39609375 0.121875 0.1578125
1 0.16015625 0.421875 0.0921875 0.1234375