1 0.79375 0.59375 0.0953125 0.1578125
1 0.67890625 0.5796875 0.1625 0.228125
1 0.56640625 0.3703125 0.1109375 0.2109375
1 0.60546875 0.1015625 0.1109375 0.1671875
1 0.425 0.37578125 0.0859375 0.14375
1 0.44453125 0.56875 0.096875 0.1578125
1 0.496875 0.5625 0.0890625 0.1328125
1 0.36640625 0.33046875 0.071875 0.1125
1 0.29609375 0.28125 0.0671875 0.1015625
1 0.36328125 0.74453125 0.059375 0.0859375
1 0.65546875 0.80859375 0.0828125 0.121875
1 0.76015625 0.70625 0.1140625 0.18125
0 0.8421875 0.67421875 0.1734375 0.253125
0 0.44609375 0.77265625 0.1265625 0.1921875
0 0.40703125 0.59140625 0.1109375 0.1703125
0 0.54296875 0.49765625 0.1515625 0.2203125
1 0.33828125 0.57421875 0.0640625 0.0921875
1 0.3875 0.80234375 0.0609375 0.0921875
1 0.56015625 0.61875 0.0953125 0.140625
1 0.1515625 0.50546875 0.0703125 0.1109375