1 0.43671875 0.34296875 0.1734375 0.2296875
1 0.5765625 0.3734375 0.1359375 0.1734375
1 0.64296875 0.35 0.1140625 0.1453125
1 0.72890625 0.303125 0.09375 0.11875
1 0.46640625 0.08671875 0.1453125 0.1734375
1 0.1640625 0.64375 0.18125 0.2265625
0 0.103125 0.59765625 0.20625 0.2953125
1 0.16015625 0.52890625 0.159375 0.20625
1 0.50625 0.79296875 0.09375 0.10625
1 0.5453125 0.7453125 0.0875 0.096875
1 0.2609375 0.52734375 0.2265625 0.278125
1 0.41640625 0.4875 0.2203125 0.25
1 0.21953125 0.68671875 0.1859375 0.215625
0 0.45 0.7578125 0.178125 0.2140625
1 0.58515625 0.6671875 0.125 0.1515625
1 0.6421875 0.659375 0.1046875 0.125
1 0.61484375 0.5828125 0.0984375 0.115625
1 0.50703125 0.56015625 0.15625 0.190625
1 0.46484375 0.54140625 0.1234375 0.1421875
1 0.38828125 0.58984375 0.1390625 0.178125
0 0.5296875 0.5984375 0.1578125 0.18125