1 0.37890625 0.38203125 0.1921875 0.2390625
1 0.51796875 0.35390625 0.15 0.18125
1 0.56953125 0.3046875 0.1265625 0.1515625
1 0.62890625 0.2265625 0.103125 0.125
1 0.3015625 0.1359375 0.1578125 0.1828125
1 0.2515625 0.76796875 0.1984375 0.2375
0 0.16640625 0.75546875 0.253125 0.309375
1 0.2015625 0.66484375 0.1765625 0.215625
1 0.625 0.76484375 0.1015625 0.1125
1 0.640625 0.70546875 0.0953125 0.103125
1 0.2921875 0.621875 0.2484375 0.2921875
1 0.41875 0.52265625 0.2390625 0.2640625
1 0.31953125 0.784375 0.203125 0.228125
0 0.55859375 0.75625 0.1953125 0.225
1 0.6453125 0.61796875 0.1359375 0.159375
1 0.6953125 0.5875 0.1140625 0.13125
1 0.6390625 0.52890625 0.1078125 0.121875
1 0.53125 0.55234375 0.171875 0.2
1 0.484375 0.5515625 0.134375 0.15
1 0.434375 0.62734375 0.153125 0.1859375
0 0.5671875 0.578125 0.171875 0.1921875