1 0.728125 0.63125 0.13125 0.165625
1 0.69296875 0.8 0.0984375 0.1328125
1 0.71796875 0.7953125 0.0453125 0.065625
1 0.66875 0.81328125 0.0828125 0.109375
1 0.62421875 0.840625 0.11875 0.1421875
0 0.54296875 0.80234375 0.1140625 0.1359375
1 0.5265625 0.7640625 0.0859375 0.1
1 0.3765625 0.77109375 0.1171875 0.1578125
1 0.26484375 0.4546875 0.121875 0.153125
1 0.39921875 0.3421875 0.0703125 0.09375
0 0.41640625 0.47578125 0.1375 0.1703125
1 0.3890625 0.41171875 0.0625 0.0765625
1 0.77890625 0.47890625 0.09375 0.125
1 0.8328125 0.45 0.090625 0.1046875
1 0.88359375 0.409375 0.0703125 0.0890625
1 0.84921875 0.3875 0.0703125 0.090625
1 0.86171875 0.32265625 0.08125 0.1046875
1 0.86953125 0.18828125 0.059375 0.0640625
1 0.7171875 0.1890625 0.0890625 0.1046875
1 0.76171875 0.30234375 0.0859375 0.0984375
1 0.7171875 0.265625 0.0703125 0.0703125
1 0.68515625 0.22890625 0.075 0.0875
1 0.81328125 0.3140625 0.0875 0.109375
0 0.3953125 0.67265625 0.1375 0.19375
1 0.36328125 0.6953125 0.109375 0.14375
1 0.6921875 0.3859375 0.153125 0.1765625
1 0.61171875 0.31953125 0.0828125 0.1171875
0 0.67265625 0.0515625 0.0921875 0.103125
0 0.63828125 0.0203125 0.0671875 0.040625
0 0.653125 0.58046875 0.15 0.184375
0 0.61015625 0.66484375 0.121875 0.15
0 0.5203125 0.66796875 0.14375 0.1859375
0 0.35078125 0.53125 0.1125 0.1328125
0 0.31953125 0.44921875 0.1015625 0.11875
0 0.2015625 0.5765625 0.125 0.1734375
0 0.20078125 0.45078125 0.096875 0.1421875
0 0.1515625 0.48125 0.103125 0.1484375
0 0.10859375 0.4609375 0.084375 0.1109375
0 0.0609375 0.39609375 0.0734375 0.0984375
0 0.5796875 0.446875 0.1078125 0.1390625
0 0.5296875 0.428125 0.0703125 0.0765625
0 0.49296875 0.3484375 0.1109375 0.140625
0 0.503125 0.0671875 0.1125 0.13125