1 0.9 0.9515625 0.04375 0.096875
1 0.66953125 0.7015625 0.13125 0.165625
1 0.57890625 0.84765625 0.0984375 0.1328125
1 0.60390625 0.85234375 0.0453125 0.065625
1 0.5515625 0.8515625 0.0828125 0.109375
1 0.5 0.8625 0.11875 0.1421875
0 0.43671875 0.79921875 0.1140625 0.1359375
1 0.43515625 0.7578125 0.0859375 0.1
1 0.29140625 0.7125 0.1171875 0.1578125
1 0.29453125 0.37734375 0.121875 0.153125
1 0.459375 0.3171875 0.0703125 0.09375
0 0.4296875 0.4484375 0.1375 0.1703125
1 0.42578125 0.37890625 0.0625 0.0765625
1 0.76953125 0.575 0.09375 0.125
1 0.83046875 0.5671875 0.090625 0.1046875
1 0.89140625 0.54609375 0.0703125 0.0890625
1 0.86640625 0.5140625 0.0703125 0.090625
1 0.9 0.45703125 0.08125 0.1046875
1 0.95390625 0.33359375 0.059375 0.0640625
1 0.8109375 0.28203125 0.0890625 0.1046875
1 0.81328125 0.40390625 0.0859375 0.0984375
1 0.784375 0.35390625 0.0703125 0.0703125
1 0.7671875 0.30859375 0.075 0.0875
1 0.8578125 0.43203125 0.0875 0.109375
0 0.34296875 0.6265625 0.1375 0.19375
1 0.3046875 0.63671875 0.109375 0.14375
1 0.71953125 0.45859375 0.153125 0.1765625
1 0.6671875 0.36875 0.0828125 0.1171875
0 0.8171875 0.13515625 0.0921875 0.1078125
0 0.79765625 0.0890625 0.0671875 0.05625
0 0.61640625 0.62734375 0.15 0.184375
0 0.546875 0.6921875 0.121875 0.15
0 0.46171875 0.66484375 0.14375 0.1859375
0 0.34921875 0.478125 0.1125 0.1328125
0 0.34765625 0.390625 0.1015625 0.11875
0 0.19375 0.46953125 0.125 0.1734375
0 0.2359375 0.3515625 0.096875 0.1421875
0 0.17890625 0.36328125 0.103125 0.1484375
0 0.1453125 0.3296875 0.084375 0.1109375
0 0.1234375 0.2515625 0.0734375 0.0984375
0 0.59296875 0.47734375 0.1078125 0.1390625
0 0.55234375 0.4421875 0.0703125 0.0765625
0 0.5453125 0.3546875 0.1109375 0.140625
0 0.65078125 0.09453125 0.1125 0.13125