0 0.64765625 0.58984375 0.1765625 0.1359375
0 0.25 0.9421875 0.1125 0.0859375
0 0.16328125 0.7921875 0.1140625 0.0921875
0 0.184375 0.41640625 0.1125 0.0859375
0 0.34609375 0.40859375 0.13125 0.1046875
0 0.36328125 0.2390625 0.134375 0.10625
0 0.275 0.31640625 0.128125 0.0953125
0 0.21171875 0.2375 0.0890625 0.0703125
0 0.25859375 0.26015625 0.1140625 0.0828125
0 0.13359375 0.24296875 0.0859375 0.06875
0 0.05234375 0.22578125 0.1046875 0.0984375
0 0.96953125 0.83984375 0.0609375 0.0578125
0 0.759375 0.35 0.140625 0.1078125
0 0.55546875 0.325 0.1671875 0.109375
0 0.51171875 0.61171875 0.128125 0.0984375
0 0.36953125 0.60546875 0.115625 0.0859375
0 0.63046875 0.42578125 0.1703125 0.1390625
0 0.4171875 0.45 0.13125 0.096875
0 0.425 0.3765625 0.1078125 0.090625
0 0.3875 0.33203125 0.10625 0.075
0 0.1984375 0.94375 0.0703125 0.05625
1 0.4859375 0.9859375 0.071875 0.028125
1 0.65 0.746875 0.1296875 0.09375
1 0.52109375 0.73671875 0.1625 0.11875
1 0.3890625 0.88359375 0.1015625 0.0828125
1 0.39765625 0.83046875 0.0734375 0.0609375
1 0.5421875 0.875 0.0984375 0.071875
1 0.66953125 0.8109375 0.1 0.075
1 0.6625 0.87265625 0.0796875 0.0640625
1 0.58359375 0.91015625 0.0984375 0.0703125
1 0.62421875 0.853125 0.0875 0.071875
1 0.709375 0.6296875 0.0703125 0.0578125
1 0.7046875 0.64765625 0.1 0.0734375
1 0.7328125 0.6109375 0.1453125 0.11875
1 0.84296875 0.4734375 0.128125 0.075
1 0.83125 0.39140625 0.128125 0.0984375
1 0.83125 0.44453125 0.0953125 0.08125
1 0.85078125 0.50234375 0.0671875 0.053125
1 0.559375 0.2375 0.0671875 0.053125
1 0.63359375 0.240625 0.121875 0.0984375
1 0.54453125 0.29453125 0.140625 0.1109375
1 0.30703125 0.36640625 0.1328125 0.0921875
1 0.35546875 0.4859375 0.0671875 0.05625
1 0.30625 0.5390625 0.0890625 0.0671875
1 0.49296875 0.84453125 0.1 0.0734375
1 0.44609375 0.984375 0.0796875 0.03125