0 0.38125 0.62578125 0.1046875 0.1578125
0 0.11875 0.1640625 0.065625 0.1
0 0.28359375 0.11015625 0.0734375 0.1015625
0 0.646875 0.20859375 0.0671875 0.1
0 0.62109375 0.36875 0.0828125 0.115625
0 0.7828125 0.42109375 0.0828125 0.1203125
0 0.72578125 0.3171875 0.0734375 0.115625
0 0.81640625 0.27265625 0.05625 0.0796875
0 0.784375 0.3140625 0.065625 0.103125
0 0.82734375 0.19453125 0.053125 0.0765625
0 0.8640625 0.10546875 0.075 0.121875
0 0.065625 0.9078125 0.0390625 0.09375
0 0.59296875 0.784375 0.084375 0.125
0 0.659375 0.590625 0.0796875 0.153125
0 0.38828125 0.48828125 0.0765625 0.1140625
0 0.4234375 0.35078125 0.065625 0.1046875
0 0.54609375 0.64375 0.109375 0.1515625
0 0.565625 0.4296875 0.0734375 0.1171875
0 0.6359375 0.45234375 0.0703125 0.0953125
0 0.6875 0.42578125 0.05625 0.096875
0 0.12890625 0.1125 0.046875 0.0625
1 0.01796875 0.38359375 0.0359375 0.0671875
1 0.228125 0.5953125 0.071875 0.11875
1 0.2640625 0.471875 0.090625 0.1484375
1 0.14765625 0.31171875 0.065625 0.0890625
1 0.19765625 0.33125 0.0484375 0.0671875
1 0.12421875 0.4640625 0.053125 0.090625
1 0.16015625 0.6015625 0.05625 0.0875
1 0.10234375 0.58125 0.05 0.0703125
1 0.08125 0.496875 0.053125 0.0875
1 0.12890625 0.5484375 0.0546875 0.078125
1 0.1234375 0.96796875 0.06875 0.0640625
1 0.08203125 0.97421875 0.0421875 0.0515625
1 0.3296875 0.678125 0.0453125 0.0625
1 0.3125 0.66953125 0.05625 0.0875
1 0.34296875 0.70546875 0.09375 0.128125
1 0.4546875 0.840625 0.05 0.11875
1 0.53671875 0.846875 0.0765625 0.115625
1 0.48515625 0.8359375 0.065625 0.084375
1 0.425 0.84296875 0.0421875 0.0625
1 0.74453125 0.6125 0.0421875 0.0578125
1 0.72578125 0.684375 0.0796875 0.1109375
1 0.69140625 0.58671875 0.0875 0.125
1 0.6703125 0.3390625 0.06875 0.121875
1 0.54375 0.36171875 0.0453125 0.059375
1 0.50234375 0.30234375 0.05 0.0796875
1 0.1640625 0.421875 0.05625 0.090625
1 0.021875 0.3453125 0.04375 0.071875