0 0.3484375 0.4171875 0.109375 0.159375
0 0.24140625 0.9375 0.06875 0.1015625
0 0.41484375 0.93828125 0.0765625 0.103125
0 0.7296875 0.73125 0.06875 0.1015625
0 0.65546875 0.5875 0.0859375 0.11875
0 0.79375 0.4875 0.0859375 0.121875
0 0.77109375 0.60390625 0.0765625 0.1171875
0 0.871875 0.61875 0.0578125 0.08125
0 0.828125 0.5890625 0.06875 0.1046875
0 0.90546875 0.68984375 0.05625 0.078125
0 0.9640625 0.7625 0.071875 0.121875
0 0.50078125 0.20078125 0.0875 0.128125
0 0.6234375 0.36484375 0.084375 0.1546875
0 0.39765625 0.54609375 0.0796875 0.115625
0 0.4734375 0.665625 0.06875 0.10625
0 0.5 0.34921875 0.1140625 0.153125
0 0.584375 0.54609375 0.078125 0.11875
0 0.64453125 0.503125 0.0734375 0.096875
0 0.7015625 0.5125 0.059375 0.0984375
0 0.26640625 0.975 0.0484375 0.05
1 0.0734375 0.7609375 0.046875 0.0671875
1 0.21171875 0.49375 0.075 0.1203125
1 0.284375 0.6 0.0953125 0.15
1 0.2234375 0.7875 0.06875 0.090625
1 0.26484375 0.75390625 0.05 0.0671875
1 0.15390625 0.65078125 0.05625 0.0921875
1 0.1453125 0.50859375 0.059375 0.0890625
1 0.09609375 0.54609375 0.0515625 0.071875
1 0.103125 0.6328125 0.0546875 0.0890625
1 0.13203125 0.56875 0.0578125 0.078125
1 0.01171875 0.14453125 0.0234375 0.1203125
1 0.2828125 0.38359375 0.0484375 0.0640625
1 0.26953125 0.396875 0.0578125 0.0890625
1 0.28671875 0.35390625 0.096875 0.13125
1 0.3515625 0.18984375 0.0546875 0.1203125
1 0.428125 0.15859375 0.0796875 0.1171875
1 0.38203125 0.18515625 0.0671875 0.0859375
1 0.32265625 0.196875 0.04375 0.0625
1 0.69765625 0.3171875 0.04375 0.059375
1 0.6578125 0.2546875 0.0828125 0.1125
1 0.65546875 0.35859375 0.090625 0.1265625
1 0.71171875 0.60078125 0.071875 0.121875
1 0.584375 0.61875 0.046875 0.0609375
1 0.56328125 0.6875 0.053125 0.08125
1 0.2046875 0.678125 0.059375 0.0921875
1 0.084375 0.79765625 0.0640625 0.0734375