0 0.37109375 0.0921875 0.1578125 0.184375
0 0.8921875 0.33828125 0.13125 0.1890625
0 0.7203125 0.22890625 0.103125 0.1484375
0 0.4171875 0.4375 0.1984375 0.2875
0 0.28125 0.34765625 0.2234375 0.30625
0 0.38984375 0.30625 0.1640625 0.246875
0 0.93203125 0.2734375 0.0921875 0.128125
0 0.053125 0.546875 0.10625 0.196875
1 0.97890625 0.3859375 0.0421875 0.153125
1 0.6171875 0.6125 0.190625 0.209375
1 0.51953125 0.515625 0.1515625 0.1703125
1 0.66328125 0.18125 0.084375 0.1234375
1 0.76640625 0.2203125 0.103125 0.121875
1 0.07109375 0.66875 0.1421875 0.2
1 0.05390625 0.77109375 0.1078125 0.1484375
1 0.35234375 0.8 0.1125 0.1359375
1 0.17421875 0.0796875 0.1359375 0.159375
1 0.15390625 0.040625 0.0640625 0.08125
1 0.95 0.415625 0.096875 0.1296875
1 0.98515625 0.3234375 0.0296875 0.090625
1 0.95078125 0.60390625 0.09375 0.13125
1 0.69609375 0.61484375 0.0984375 0.1234375
1 0.01484375 0.53515625 0.0296875 0.1703125
1 0.615625 0.4828125 0.0765625 0.1078125