0 0.140625 0.24140625 0.184375 0.0984375
0 0.21953125 0.81796875 0.1640625 0.0765625
0 0.171875 0.6203125 0.128125 0.0625
0 0.46796875 0.4015625 0.25 0.1171875
0 0.42734375 0.24296875 0.2609375 0.1390625
0 0.35234375 0.3328125 0.215625 0.0953125
0 0.1453125 0.83515625 0.109375 0.05625
0 0.6953125 0.06875 0.16875 0.103125
1 0.225 0.95859375 0.134375 0.0828125
1 0.56875 0.646875 0.165625 0.1375
1 0.50859375 0.5234375 0.134375 0.109375
1 0.14609375 0.55078125 0.109375 0.0484375
1 0.1484375 0.6609375 0.0984375 0.071875
1 0.80703125 0.1265625 0.15625 0.140625
1 0.90703125 0.153125 0.115625 0.1015625
1 0.83125 0.4578125 0.109375 0.078125
1 0.175 0.04609375 0.20625 0.071875
1 0.15546875 0.01640625 0.1203125 0.025
1 0.27421875 0.8984375 0.109375 0.0609375
1 0.16875 0.928125 0.075 0.059375
1 0.45 0.965625 0.109375 0.06875
1 0.54453125 0.72265625 0.103125 0.065625
1 0.69921875 0.021875 0.1625 0.04375
1 0.44609375 0.60390625 0.0921875 0.046875