1 0.59453125 0.6109375 0.2140625 0.228125
1 0.503125 0.49921875 0.171875 0.19375
1 0.5828125 0.48828125 0.134375 0.1515625
0 0.3984375 0.42734375 0.2328125 0.3046875
1 0.32265625 0.54375 0.0921875 0.09375
1 0.07109375 0.62265625 0.1421875 0.2109375
1 0.05546875 0.725 0.1109375 0.171875
1 0.009375 0.48984375 0.01875 0.1578125
1 0.159375 0.0484375 0.15625 0.096875
1 0.965625 0.396875 0.065625 0.15
1 0.93125 0.39609375 0.1375 0.2109375
1 0.665625 0.97578125 0.1 0.0484375
0 0.6953125 0.2328125 0.1265625 0.153125
0 0.26015625 0.325 0.2671875 0.2984375
0 0.35 0.08828125 0.184375 0.1765625
0 0.36875 0.296875 0.2171875 0.2875
0 0.88984375 0.3265625 0.2078125 0.2703125
0 0.04765625 0.4921875 0.0953125 0.165625