0 0.059375 0.69921875 0.046875 0.0765625
0 0.09609375 0.6171875 0.0453125 0.0703125
1 0.02578125 0.6375 0.03125 0.05
0 0.01875 0.62265625 0.0171875 0.0515625
0 0.45625 0.64140625 0.1 0.1640625
0 0.7203125 0.7671875 0.109375 0.1515625
0 0.6703125 0.48359375 0.071875 0.1390625
0 0.33203125 0.70703125 0.0640625 0.0921875
0 0.2828125 0.70234375 0.0390625 0.0640625
1 0.02734375 0.6390625 0.034375 0.046875
1 0.18046875 0.665625 0.04375 0.0609375
1 0.1703125 0.71953125 0.03125 0.0375
1 0.18359375 0.60703125 0.0359375 0.0546875
1 0.3453125 0.42265625 0.0890625 0.1015625
1 0.1765625 0.4234375 0.040625 0.0515625
1 0.3953125 0.28359375 0.0515625 0.0546875
1 0.42265625 0.171875 0.0515625 0.0546875
1 0.80234375 0.2109375 0.05625 0.0859375
1 0.896875 0.221875 0.0609375 0.1
1 0.95546875 0.55 0.0890625 0.1484375
1 0.7828125 0.47734375 0.0875 0.121875
1 0.7078125 0.590625 0.1015625 0.175
1 0.63984375 0.4796875 0.0390625 0.071875
1 0.47421875 0.7546875 0.06875 0.1125
1 0.4875 0.69375 0.05 0.0765625
1 0.24609375 0.65546875 0.059375 0.09375
1 0.20390625 0.715625 0.0546875 0.08125
1 0.96875 0.59140625 0.0625 0.1484375
1 0.74921875 0.6046875 0.0796875 0.18125