0 0.89375 0.8078125 0.04375 0.0765625
0 0.86953125 0.7203125 0.04375 0.0703125
1 0.94453125 0.75703125 0.0484375 0.05
0 0.953125 0.74140625 0.0359375 0.0515625
0 0.5109375 0.675 0.09375 0.1671875
0 0.23203125 0.74921875 0.1015625 0.1515625
0 0.32578125 0.478125 0.0671875 0.140625
0 0.6234375 0.7640625 0.0625 0.0953125
0 0.6734375 0.76796875 0.0359375 0.065625
1 0.93671875 0.75703125 0.0390625 0.046875
1 0.7796875 0.75234375 0.0390625 0.0609375
1 0.78125 0.80703125 0.03125 0.0390625
1 0.7859375 0.69375 0.0328125 0.05625
1 0.65390625 0.48046875 0.084375 0.103125
1 0.82109375 0.51328125 0.0375 0.053125
1 0.62734375 0.334375 0.05 0.0546875
1 0.61796875 0.21796875 0.0484375 0.05625
1 0.23828125 0.184375 0.053125 0.0890625
1 0.14296875 0.1765625 0.05625 0.1015625
1 0.03671875 0.4890625 0.0734375 0.15
1 0.215625 0.45 0.0828125 0.125
1 0.271875 0.57734375 0.09375 0.1765625
1 0.35625 0.48046875 0.0375 0.0734375
1 0.47578125 0.78359375 0.0625 0.1140625
1 0.471875 0.72109375 0.046875 0.0765625
1 0.71640625 0.72890625 0.05625 0.0953125
1 0.7484375 0.79609375 0.0515625 0.0828125
1 0.0203125 0.528125 0.040625 0.15
1 0.228125 0.5828125 0.071875 0.1828125