0 0.0828125 0.25546875 0.0546875 0.08125
0 0.1109375 0.34140625 0.053125 0.075
1 0.04296875 0.3140625 0.0359375 0.053125
0 0.034375 0.32734375 0.0234375 0.053125
0 0.47109375 0.3546875 0.1171875 0.1734375
0 0.746875 0.25703125 0.125 0.1625
0 0.66796875 0.534375 0.0859375 0.1453125
0 0.3546875 0.2765625 0.0734375 0.0984375
0 0.30546875 0.27578125 0.046875 0.0671875
1 0.04453125 0.3125 0.0390625 0.05
1 0.19921875 0.3015625 0.05 0.065625
1 0.1953125 0.246875 0.034375 0.040625
1 0.196875 0.36015625 0.0421875 0.0578125
1 0.33828125 0.5609375 0.1 0.1109375
1 0.1703125 0.5421875 0.0453125 0.05625
1 0.3734375 0.70390625 0.0578125 0.059375
1 0.3890625 0.81796875 0.0578125 0.0609375
1 0.7703125 0.81875 0.0640625 0.090625
1 0.865625 0.81796875 0.071875 0.10625
1 0.95234375 0.49765625 0.0953125 0.1578125
1 0.77890625 0.55234375 0.1 0.1296875
1 0.71640625 0.43125 0.1203125 0.184375
1 0.63671875 0.53515625 0.046875 0.075
1 0.50078125 0.24375 0.0796875 0.11875
1 0.5078125 0.30625 0.0578125 0.08125
1 0.2640625 0.31875 0.06875 0.1
1 0.228125 0.2546875 0.0625 0.0859375
1 0.96796875 0.45703125 0.0640625 0.1546875
1 0.75859375 0.421875 0.0984375 0.1890625