0 0.57734375 0.603125 0.1765625 0.1625
0 0.2484375 0.27890625 0.2671875 0.2015625
0 0.4390625 0.33828125 0.253125 0.184375
0 0.49765625 0.453125 0.18125 0.13125
0 0.68828125 0.63515625 0.175 0.1390625
0 0.6625 0.7328125 0.1484375 0.11875
0 0.765625 0.75234375 0.15625 0.1140625
1 0.10390625 0.2765625 0.0953125 0.0921875
1 0.5515625 0.14375 0.1734375 0.15
1 0.271875 0.396875 0.1453125 0.125
1 0.32265625 0.54765625 0.103125 0.0953125
1 0.4578125 0.6484375 0.090625 0.0796875
1 0.50078125 0.74375 0.0984375 0.0859375
1 0.790625 0.36015625 0.1 0.08125
1 0.79375 0.50625 0.084375 0.084375
1 0.93046875 0.57265625 0.1046875 0.078125
1 0.915625 0.70546875 0.1203125 0.1015625
1 0.97109375 0.7359375 0.0578125 0.096875
1 0.96953125 0.45546875 0.0609375 0.0734375
1 0.884375 0.459375 0.0921875 0.08125
1 0.9484375 0.37578125 0.0828125 0.0734375