0 0.6125 0.5625 0.153125 0.1703125
0 0.2453125 0.28125 0.1859375 0.259375
0 0.33125 0.4625 0.1703125 0.2484375
0 0.453125 0.50390625 0.1234375 0.1765625
0 0.66015625 0.66796875 0.13125 0.1671875
0 0.75390625 0.628125 0.1125 0.14375
0 0.7875 0.72734375 0.1078125 0.153125
1 0.2234375 0.13984375 0.0890625 0.0921875
1 0.1546875 0.60078125 0.14375 0.16875
1 0.365625 0.2890625 0.1171875 0.1390625
1 0.52265625 0.31796875 0.090625 0.1
1 0.64140625 0.43828125 0.0765625 0.0859375
1 0.74140625 0.46640625 0.08125 0.0953125
1 0.4015625 0.80703125 0.0765625 0.096875
1 0.54765625 0.78984375 0.0828125 0.0828125
1 0.63203125 0.91640625 0.0734375 0.1
1 0.76171875 0.88359375 0.0953125 0.1171875
1 0.80234375 0.953125 0.0921875 0.09375
1 0.52265625 0.97109375 0.0703125 0.0578125
1 0.5125 0.8859375 0.0765625 0.0875
1 0.4390625 0.96015625 0.0703125 0.078125