0 0.61875 0.45 0.1390625 0.15625
0 0.22421875 0.690625 0.1609375 0.2453125
0 0.328125 0.51953125 0.146875 0.234375
0 0.45390625 0.49140625 0.10625 0.165625
0 0.6765625 0.35 0.1140625 0.15625
0 0.765625 0.39921875 0.0984375 0.134375
0 0.809375 0.30390625 0.0921875 0.14375
1 0.1875 0.8296875 0.0796875 0.084375
1 0.1671875 0.3640625 0.1265625 0.15625
1 0.34453125 0.69609375 0.1046875 0.128125
1 0.503125 0.68359375 0.08125 0.0921875
1 0.634375 0.5765625 0.06875 0.0796875
1 0.73671875 0.55859375 0.071875 0.0875
1 0.434375 0.184375 0.0671875 0.090625
1 0.57734375 0.21640625 0.075 0.075
1 0.675 0.1 0.0640625 0.0953125
1 0.8 0.14609375 0.084375 0.109375
1 0.85 0.07265625 0.08125 0.103125
1 0.571875 0.03125 0.065625 0.0546875
1 0.553125 0.1171875 0.06875 0.08125
1 0.4875 0.0359375 0.0625 0.071875