0 0.3734375 0.52421875 0.1671875 0.1796875
0 0.809375 0.37109375 0.20625 0.2703125
0 0.671875 0.51640625 0.190625 0.25625
0 0.54296875 0.51796875 0.1359375 0.18125
0 0.29609375 0.61015625 0.14375 0.175
0 0.21953125 0.54375 0.1234375 0.15
0 0.15625 0.628125 0.11875 0.1578125
1 0.87421875 0.2421875 0.09375 0.096875
1 0.79765625 0.70234375 0.1546875 0.1765625
1 0.69296875 0.340625 0.1265625 0.1453125
1 0.53515625 0.31953125 0.096875 0.1046875
1 0.384375 0.396875 0.0828125 0.0921875
1 0.28125 0.39375 0.0875 0.0984375
1 0.4984375 0.82265625 0.084375 0.1015625
1 0.365625 0.7609375 0.0875 0.0875
1 0.2453125 0.85546875 0.0828125 0.1078125
1 0.1328125 0.78359375 0.1046875 0.1234375
1 0.06875 0.8453125 0.1 0.115625
1 0.33203125 0.94375 0.075 0.0671875
1 0.36796875 0.86328125 0.0828125 0.09375
1 0.41484375 0.95703125 0.075 0.084375