0 0.30859375 0.0515625 0.1578125 0.103125
0 0.35390625 0.91484375 0.1390625 0.109375
0 0.54375 0.9375 0.1015625 0.075
0 0.7375 0.83046875 0.1734375 0.1296875
0 0.6390625 0.66484375 0.1703125 0.121875
0 0.57578125 0.971875 0.1328125 0.05625
0 0.615625 0.9203125 0.1140625 0.0890625
0 0.83671875 0.865625 0.1078125 0.0796875
0 0.696875 0.4640625 0.1625 0.1109375
0 0.41796875 0.43515625 0.1296875 0.0953125
0 0.428125 0.03828125 0.103125 0.0765625
0 0.7515625 0.1109375 0.1390625 0.0828125
0 0.69765625 0.253125 0.0953125 0.0546875
0 0.50390625 0.7921875 0.109375 0.071875
0 0.50625 0.6359375 0.1359375 0.1078125
0 0.3609375 0.3828125 0.1171875 0.0859375
0 0.66640625 0.55703125 0.15625 0.115625
0 0.81484375 0.39140625 0.0984375 0.0671875
0 0.834375 0.28671875 0.103125 0.0796875
0 0.6765625 0.2859375 0.08125 0.0515625
0 0.8375 0.3546875 0.1265625 0.09375
0 0.58828125 0.78203125 0.109375 0.08125
0 0.59765625 0.825 0.09375 0.0578125
0 0.5796875 0.86328125 0.0875 0.0609375
0 0.509375 0.62578125 0.1609375 0.1375
0 0.44140625 0.34609375 0.14375 0.109375
0 0.36328125 0.2671875 0.1265625 0.090625
0 0.8765625 0.86796875 0.1546875 0.13125
0 0.45 0.96953125 0.140625 0.0609375
0 0.4984375 0.22578125 0.134375 0.09375
0 0.53984375 0.1546875 0.1171875 0.08125
0 0.52109375 0.06171875 0.0984375 0.0578125
0 0.50703125 0.0296875 0.0890625 0.059375
0 0.4953125 0.10078125 0.08125 0.0609375
1 0.5453125 0.55 0.0984375 0.08125
1 0.49296875 0.834375 0.096875 0.0578125
1 0.60390625 0.515625 0.1 0.0875
1 0.3828125 0.31328125 0.096875 0.0640625
1 0.42265625 0.0765625 0.075 0.053125
1 0.3484375 0.01640625 0.1125 0.0328125
1 0.33515625 0.33203125 0.078125 0.053125
1 0.36953125 0.61015625 0.071875 0.0515625
1 0.33046875 0.97109375 0.1015625 0.03125
1 0.38046875 0.95703125 0.1171875 0.075