0 0.89921875 0.2203125 0.121875 0.1640625
0 0.06328125 0.44375 0.125 0.15
0 0.08125 0.634375 0.0859375 0.109375
0 0.2265625 0.8 0.1484375 0.1859375
0 0.36796875 0.6703125 0.140625 0.1796875
0 0.0515625 0.671875 0.0765625 0.134375
0 0.1125 0.70078125 0.1015625 0.121875
0 0.2125 0.90546875 0.0921875 0.1140625
0 0.57578125 0.68515625 0.13125 0.1734375
0 0.546875 0.40625 0.1109375 0.1390625
0 0.9375 0.3328125 0.0921875 0.1109375
0 0.9328125 0.66484375 0.0984375 0.1453125
0 0.7828125 0.64140625 0.065625 0.1
0 0.21484375 0.5640625 0.0828125 0.1140625
0 0.36796875 0.534375 0.1234375 0.146875
0 0.5859375 0.33984375 0.1 0.125
0 0.47890625 0.675 0.1328125 0.1671875
0 0.67109375 0.78515625 0.078125 0.103125
0 0.77890625 0.7828125 0.0921875 0.1109375
0 0.74609375 0.628125 0.0640625 0.0875
0 0.7125 0.80078125 0.1078125 0.1359375
0 0.2421875 0.64453125 0.09375 0.11875
0 0.203125 0.6625 0.06875 0.0984375
0 0.16171875 0.65390625 0.071875 0.09375
0 0.37890625 0.53515625 0.1546875 0.175
0 0.6390625 0.4109375 0.1265625 0.153125
0 0.69921875 0.31796875 0.1046875 0.134375
0 0.21875 0.93046875 0.146875 0.1390625
0 0.03359375 0.54765625 0.0671875 0.1453125
0 0.7671875 0.44140625 0.109375 0.14375
0 0.84609375 0.4671875 0.09375 0.1234375
0 0.9328125 0.4296875 0.06875 0.1015625
0 0.9625 0.40859375 0.075 0.0953125
0 0.8890625 0.41171875 0.06875 0.0875
1 0.46015625 0.55390625 0.0921875 0.1046875
1 0.171875 0.5625 0.0703125 0.1015625
1 0.50703125 0.6046875 0.0984375 0.109375
1 0.6578125 0.34609375 0.0765625 0.1015625
1 0.89765625 0.33671875 0.0609375 0.078125
1 0.9421875 0.25078125 0.046875 0.109375
1 0.62890625 0.30390625 0.0625 0.0828125
1 0.36484375 0.3953125 0.0609375 0.0765625
1 0.01328125 0.43359375 0.0265625 0.1046875
1 0.0359375 0.47734375 0.071875 0.1265625