0 0.95546875 0.325 0.0890625 0.146875
0 0.08984375 0.33984375 0.0953125 0.13125
0 0.0609375 0.52890625 0.065625 0.0984375
0 0.16171875 0.725 0.1125 0.1640625
0 0.33046875 0.63359375 0.1046875 0.159375
0 0.0234375 0.55859375 0.046875 0.1265625
0 0.07578125 0.60078125 0.078125 0.1046875
0 0.12265625 0.8234375 0.071875 0.1
0 0.52890625 0.69765625 0.096875 0.1546875
0 0.56796875 0.4203125 0.084375 0.121875
0 0.96484375 0.44375 0.0703125 0.096875
0 0.8796875 0.76484375 0.06875 0.1328125
0 0.73984375 0.70546875 0.046875 0.0921875
0 0.2078125 0.49296875 0.0609375 0.103125
0 0.36328125 0.5015625 0.0953125 0.128125
0 0.621875 0.365625 0.075 0.109375
0 0.4375 0.66484375 0.1 0.146875
0 0.596875 0.81796875 0.0578125 0.0921875
0 0.70234375 0.8421875 0.0703125 0.0984375
0 0.7078125 0.68359375 0.0453125 0.078125
0 0.63359375 0.84296875 0.08125 0.1203125
0 0.21484375 0.578125 0.0703125 0.10625
0 0.17265625 0.5859375 0.0484375 0.0890625
0 0.134375 0.5671875 0.053125 0.084375
0 0.37421875 0.5046875 0.121875 0.1515625
0 0.65625 0.446875 0.0984375 0.134375
0 0.7375 0.371875 0.078125 0.1203125
0 0.11953125 0.86328125 0.1171875 0.14375
0 0.02734375 0.43203125 0.0546875 0.1359375
0 0.7734375 0.5078125 0.08125 0.1265625
0 0.84375 0.5515625 0.0703125 0.1125
0 0.93671875 0.53671875 0.0484375 0.09375
0 0.97109375 0.52265625 0.0578125 0.0859375
0 0.89921875 0.50859375 0.0515625 0.0765625
1 0.4484375 0.54296875 0.071875 0.0890625
1 0.16640625 0.48125 0.05 0.0921875
1 0.48125 0.603125 0.078125 0.090625
1 0.690625 0.3890625 0.0546875 0.0921875
1 0.92578125 0.4375 0.0453125 0.0703125
1 0.9890625 0.36484375 0.021875 0.1078125
1 0.67265625 0.340625 0.0453125 0.0734375
1 0.39453125 0.365625 0.046875 0.0671875
1 0.0296875 0.3140625 0.0328125 0.1
1 0.04296875 0.36328125 0.071875 0.1125