0 0.96015625 0.61640625 0.0796875 0.1546875
0 0.1125 0.709375 0.1078125 0.1375
0 0.0609375 0.525 0.075 0.103125
0 0.13671875 0.31796875 0.1296875 0.171875
0 0.31484375 0.38828125 0.1203125 0.165625
0 0.025 0.49921875 0.05 0.1296875
0 0.0671875 0.4515625 0.0890625 0.1109375
0 0.0859375 0.225 0.08125 0.10625
0 0.5046875 0.3 0.1125 0.1609375
0 0.57734375 0.57109375 0.096875 0.1265625
0 0.9640625 0.49921875 0.071875 0.1015625
0 0.84453125 0.190625 0.0828125 0.1359375
0 0.71328125 0.26640625 0.05625 0.09375
0 0.2109375 0.5421875 0.071875 0.1078125
0 0.36484375 0.515625 0.1078125 0.134375
0 0.6375 0.61875 0.0859375 0.115625
0 0.41796875 0.34453125 0.115625 0.153125
0 0.5578125 0.17265625 0.0671875 0.096875
0 0.65859375 0.1359375 0.08125 0.1046875
0 0.684375 0.2921875 0.053125 0.08125
0 0.590625 0.14296875 0.09375 0.1265625
0 0.2078125 0.45703125 0.08125 0.1109375
0 0.1640625 0.4546875 0.0578125 0.090625
0 0.12890625 0.478125 0.0609375 0.0875
0 0.37421875 0.51015625 0.1375 0.1609375
0 0.66171875 0.53359375 0.1109375 0.1421875
0 0.7515625 0.5984375 0.090625 0.125
0 0.078125 0.1859375 0.13125 0.153125
0 0.0375 0.62421875 0.0734375 0.1375
0 0.77109375 0.459375 0.09375 0.13125
0 0.83515625 0.40703125 0.08125 0.115625
0 0.9296875 0.4109375 0.0578125 0.096875
0 0.96640625 0.41875 0.0671875 0.090625
0 0.8953125 0.4421875 0.059375 0.0796875
1 0.44375 0.46328125 0.08125 0.0953125
1 0.17109375 0.559375 0.059375 0.09375
1 0.46875 0.4 0.0875 0.0984375
1 0.703125 0.58671875 0.0640625 0.0953125
1 0.93046875 0.51015625 0.053125 0.0734375
1 0.9921875 0.57109375 0.015625 0.1109375
1 0.69140625 0.63671875 0.053125 0.075
1 0.41171875 0.64609375 0.053125 0.0703125
1 0.05546875 0.7421875 0.04375 0.1
1 0.06328125 0.69140625 0.0828125 0.1171875