0 0.9609375 0.41484375 0.078125 0.1609375
0 0.128125 0.26484375 0.11875 0.146875
0 0.06328125 0.44453125 0.0828125 0.1078125
0 0.125 0.65625 0.1421875 0.18125
0 0.3078125 0.5984375 0.1328125 0.1765625
0 0.028125 0.46640625 0.05625 0.1328125
0 0.0640625 0.51796875 0.096875 0.11875
0 0.06796875 0.7453125 0.0875 0.1109375
0 0.490625 0.69921875 0.125 0.1703125
0 0.58203125 0.434375 0.10625 0.1359375
0 0.96171875 0.53359375 0.0765625 0.1078125
0 0.821875 0.8328125 0.0921875 0.14375
0 0.69609375 0.74765625 0.0625 0.0984375
0 0.21484375 0.4375 0.078125 0.1125
0 0.365625 0.47578125 0.11875 0.14375
0 0.6453125 0.39140625 0.09375 0.121875
0 0.40703125 0.65 0.1265625 0.1625
0 0.534375 0.83046875 0.0734375 0.1015625
0 0.63359375 0.87421875 0.0875 0.1078125
0 0.66875 0.71953125 0.059375 0.0859375
0 0.565625 0.8625 0.103125 0.134375
0 0.20546875 0.52265625 0.0890625 0.1171875
0 0.1625 0.521875 0.0640625 0.096875
0 0.128125 0.49609375 0.06875 0.0921875
0 0.37578125 0.48046875 0.1484375 0.1703125
0 0.66328125 0.47734375 0.1203125 0.15
0 0.7578125 0.41953125 0.1 0.1328125
0 0.06328125 0.784375 0.1265625 0.1625
0 0.04921875 0.34296875 0.0796875 0.14375
0 0.7671875 0.56015625 0.1046875 0.140625
0 0.82734375 0.61640625 0.0890625 0.121875
0 0.921875 0.61953125 0.065625 0.1
0 0.95859375 0.61328125 0.071875 0.09375
0 0.890625 0.584375 0.065625 0.084375
1 0.44140625 0.53203125 0.0875 0.103125
1 0.17578125 0.41796875 0.0671875 0.1015625
1 0.46171875 0.59765625 0.09375 0.10625
1 0.70859375 0.42734375 0.071875 0.1
1 0.9296875 0.51953125 0.0578125 0.0765625
1 0.9921875 0.4609375 0.015625 0.109375
1 0.7 0.3765625 0.059375 0.08125
1 0.421875 0.34765625 0.0578125 0.075
1 0.0734375 0.228125 0.0515625 0.1046875
1 0.07734375 0.27890625 0.0921875 0.1234375