0 0.0734375 0.31171875 0.134375 0.24375
0 0.17578125 0.2109375 0.15625 0.184375
0 0.31796875 0.2859375 0.1515625 0.1984375
0 0.39375 0.24765625 0.11875 0.1453125
0 0.17734375 0.40703125 0.165625 0.1953125
0 0.48828125 0.346875 0.1078125 0.1296875
0 0.4703125 0.25625 0.1453125 0.1765625
0 0.53515625 0.365625 0.1203125 0.15625
0 0.56953125 0.41171875 0.0859375 0.1125
0 0.64609375 0.409375 0.10625 0.1265625
0 0.7375 0.3734375 0.1140625 0.15
0 0.78515625 0.428125 0.103125 0.1421875
0 0.8359375 0.41796875 0.075 0.10625
0 0.76640625 0.5578125 0.0734375 0.0875
0 0.8859375 0.56796875 0.0921875 0.109375
0 0.94140625 0.5765625 0.0984375 0.121875
0 0.8171875 0.55390625 0.0640625 0.08125
1 0.10546875 0.36953125 0.1171875 0.15
1 0.1625 0.3015625 0.1296875 0.165625
1 0.659375 0.49609375 0.0796875 0.1
1 0.6421875 0.43359375 0.053125 0.071875
1 0.675 0.68828125 0.0828125 0.1
1 0.76484375 0.446875 0.0703125 0.0875
1 0.84453125 0.4640625 0.0828125 0.1078125
1 0.84609375 0.5875 0.0640625 0.0859375
1 0.8296875 0.65078125 0.065625 0.084375
1 0.9390625 0.653125 0.0640625 0.0734375
1 0.9609375 0.62109375 0.0609375 0.0734375