0 0.76328125 0.915625 0.23125 0.1296875
0 0.8359375 0.775 0.159375 0.11875
0 0.73984375 0.64609375 0.178125 0.109375
0 0.76640625 0.565625 0.1265625 0.0890625
0 0.6421875 0.8046875 0.16875 0.1265625
0 0.653125 0.4875 0.1140625 0.0828125
0 0.7453125 0.49140625 0.1546875 0.109375
0 0.6265625 0.44453125 0.1390625 0.0890625
0 0.5765625 0.4171875 0.1015625 0.0609375
0 0.5671875 0.34140625 0.1109375 0.08125
0 0.5875 0.2453125 0.1359375 0.08125
0 0.52578125 0.20703125 0.1265625 0.075
0 0.52890625 0.15546875 0.096875 0.0515625
0 0.40078125 0.24609375 0.0765625 0.0578125
0 0.37265625 0.12890625 0.09375 0.0703125
0 0.35546875 0.07578125 0.1046875 0.0734375
0 0.39765625 0.1953125 0.071875 0.0484375
1 0.690625 0.86953125 0.1328125 0.0859375
1 0.74921875 0.80234375 0.146875 0.096875
1 0.47890625 0.3421875 0.0890625 0.0609375
1 0.54296875 0.34921875 0.065625 0.0375
1 0.28671875 0.35625 0.0859375 0.0609375
1 0.5109375 0.2296875 0.078125 0.0515625
1 0.48125 0.15390625 0.096875 0.0609375
1 0.359375 0.171875 0.0765625 0.0453125
1 0.29921875 0.19765625 0.075 0.0484375
1 0.2796875 0.08984375 0.0625 0.0484375
1 0.30703125 0.06015625 0.0625 0.0515625