0 0.621875 0.05078125 0.240625 0.1015625
0 0.73515625 0.134375 0.1703125 0.1359375
0 0.68359375 0.28671875 0.1875 0.13125
0 0.7328125 0.35546875 0.134375 0.1046875
0 0.540625 0.16640625 0.18125 0.146875
0 0.65 0.46484375 0.121875 0.0953125
0 0.7359375 0.4328125 0.165625 0.128125
0 0.63828125 0.5140625 0.146875 0.10625
0 0.5984375 0.5546875 0.10625 0.0734375
0 0.6125 0.63046875 0.11875 0.09375
0 0.66171875 0.71484375 0.1421875 0.0984375
0 0.615625 0.77109375 0.1328125 0.0890625
0 0.63359375 0.81875 0.1015625 0.0640625
0 0.484375 0.771875 0.08125 0.0671875
0 0.49375 0.8921875 0.1015625 0.08125
0 0.49375 0.9484375 0.1125 0.0859375
0 0.49609375 0.821875 0.0765625 0.0578125
1 0.5671875 0.08984375 0.140625 0.103125
1 0.64375 0.1359375 0.15625 0.1140625
1 0.52890625 0.65703125 0.09375 0.0703125
1 0.5875 0.6296875 0.06875 0.0453125
1 0.34140625 0.70234375 0.0921875 0.071875
1 0.59375 0.753125 0.0828125 0.0609375
1 0.5890625 0.834375 0.1015625 0.071875
1 0.4671875 0.85546875 0.08125 0.0546875
1 0.40234375 0.84921875 0.0796875 0.0578125
1 0.4171875 0.95859375 0.0671875 0.05625
1 0.4515625 0.9734375 0.06875 0.053125