0 0.72578125 0.93671875 0.221875 0.1109375
0 0.8109375 0.803125 0.15 0.1046875
0 0.7265625 0.66640625 0.1703125 0.0953125
0 0.759375 0.58828125 0.1203125 0.0796875
0 0.61484375 0.815625 0.159375 0.1140625
0 0.65390625 0.50078125 0.1078125 0.0734375
0 0.7453125 0.5125 0.146875 0.096875
0 0.63125 0.45546875 0.1328125 0.078125
0 0.58359375 0.42421875 0.096875 0.053125
0 0.58046875 0.34765625 0.1046875 0.071875
0 0.609375 0.25390625 0.1296875 0.0703125
0 0.5515625 0.21015625 0.121875 0.0640625
0 0.55859375 0.159375 0.09375 0.04375
0 0.4234375 0.23828125 0.071875 0.0515625
0 0.40546875 0.11953125 0.0890625 0.0625
0 0.39296875 0.06484375 0.1 0.065625
0 0.42421875 0.1875 0.06875 0.0421875
1 0.6578125 0.884375 0.1265625 0.0765625
1 0.721875 0.82265625 0.140625 0.084375
1 0.49296875 0.340625 0.084375 0.053125
1 0.55625 0.35390625 0.0625 0.0328125
1 0.3 0.33828125 0.08125 0.0546875
1 0.534375 0.23203125 0.075 0.0453125
1 0.51171875 0.15390625 0.0921875 0.053125
1 0.38828125 0.1609375 0.0734375 0.0390625
1 0.3265625 0.18125 0.071875 0.0421875
1 0.31640625 0.071875 0.059375 0.04375
1 0.34609375 0.0453125 0.059375 0.046875