0 0.33984375 0.33671875 0.0890625 0.1078125
0 0.3140625 0.434375 0.0578125 0.09375
0 0.2671875 0.45859375 0.078125 0.0984375
0 0.22109375 0.503125 0.071875 0.0984375
0 0.26015625 0.5546875 0.0890625 0.1125
0 0.23125 0.62265625 0.0671875 0.078125
0 0.228125 0.57109375 0.0484375 0.0625
0 0.1890625 0.75 0.0609375 0.0859375
0 0.14453125 0.7984375 0.0515625 0.0734375
0 0.45625 0.66640625 0.090625 0.1390625
0 0.41015625 0.55234375 0.0828125 0.121875
0 0.35625 0.45546875 0.0640625 0.075
0 0.6125 0.70546875 0.1078125 0.1671875
0 0.70078125 0.87265625 0.103125 0.165625
0 0.8640625 0.8796875 0.10625 0.1390625
0 0.934375 0.59921875 0.0578125 0.1296875
0 0.94296875 0.40234375 0.0703125 0.1109375
0 0.9375 0.4796875 0.0703125 0.0890625
1 0.9 0.64140625 0.05625 0.0984375
1 0.403125 0.6390625 0.0609375 0.0859375
1 0.3375 0.6015625 0.0609375 0.0828125
1 0.36953125 0.49296875 0.0625 0.0796875
1 0.153125 0.74765625 0.040625 0.05625
1 0.6984375 0.6828125 0.090625 0.1390625
1 0.6265625 0.90078125 0.0734375 0.1046875
1 0.640625 0.87578125 0.05 0.0640625
1 0.696875 0.9421875 0.0734375 0.0359375
1 0.66328125 0.56953125 0.05 0.0765625
1 0.6984375 0.54296875 0.065625 0.0828125
1 0.53046875 0.7125 0.0875 0.1265625