0 0.25078125 0.4515625 0.06875 0.1125
0 0.29609375 0.40390625 0.0921875 0.128125
0 0.28125 0.3359375 0.06875 0.078125
0 0.44921875 0.425 0.09375 0.125
0 0.26640625 0.20078125 0.0609375 0.0984375
0 0.2296875 0.16015625 0.0515625 0.0640625
0 0.271875 0.14375 0.065625 0.059375
0 0.8 0.125 0.1015625 0.1640625
0 0.9484375 0.13125 0.075 0.1703125
0 0.95234375 0.61484375 0.06875 0.1265625
0 0.97109375 0.54921875 0.0578125 0.10625
0 0.9796875 0.41875 0.0390625 0.1265625
0 0.51796875 0.309375 0.1 0.1484375
0 0.44765625 0.43828125 0.0703125 0.11875
0 0.334375 0.621875 0.0609375 0.0984375
0 0.3265625 0.52421875 0.0515625 0.0828125
0 0.37734375 0.509375 0.0578125 0.103125
1 0.38671875 0.3625 0.0453125 0.0953125
1 0.4015625 0.4734375 0.040625 0.084375
1 0.37734375 0.565625 0.046875 0.0703125
1 0.60703125 0.2703125 0.0671875 0.1125
1 0.76875 0.3234375 0.08125 0.14375
1 0.7375 0.44375 0.059375 0.0828125
1 0.70390625 0.4296875 0.0390625 0.0640625
1 0.95859375 0.36875 0.0421875 0.0953125
1 0.9046875 0.15859375 0.1109375 0.11875
1 0.73671875 0.10390625 0.0921875 0.1140625
1 0.8125 0.05234375 0.0796875 0.0828125