0 0.37421875 0.30859375 0.1046875 0.1203125
0 0.3296875 0.4 0.071875 0.1015625
0 0.2796875 0.41484375 0.0921875 0.109375
0 0.22578125 0.45 0.0859375 0.1078125
0 0.25390625 0.50859375 0.1046875 0.125
0 0.2125 0.56875 0.078125 0.0875
0 0.21953125 0.51796875 0.0578125 0.06875
0 0.146875 0.6859375 0.0734375 0.09375
0 0.09375 0.725 0.0625 0.0796875
0 0.425 0.6546875 0.109375 0.15
0 0.4015625 0.534375 0.1015625 0.1328125
0 0.3671875 0.42890625 0.075 0.084375
0 0.57109375 0.72265625 0.13125 0.18125
0 0.6265625 0.90390625 0.1265625 0.1796875
0 0.784375 0.9328125 0.125 0.134375
0 0.9078125 0.68046875 0.078125 0.1359375
0 0.953125 0.4890625 0.0859375 0.1203125
0 0.9328125 0.56328125 0.0828125 0.0984375
1 0.865625 0.715625 0.0703125 0.1046875
1 0.378125 0.61796875 0.0734375 0.09375
1 0.32109375 0.56875 0.0734375 0.090625
1 0.3734375 0.46796875 0.0734375 0.0875
1 0.1125 0.6765625 0.0484375 0.0625
1 0.66015625 0.7171875 0.109375 0.15
1 0.54765625 0.91796875 0.0890625 0.1140625
1 0.56640625 0.89609375 0.059375 0.0703125
1 0.60859375 0.97109375 0.078125 0.046875
1 0.646875 0.6 0.0609375 0.0828125
1 0.68671875 0.5796875 0.0765625 0.090625
1 0.4890625 0.71484375 0.10625 0.1375