0 0.384375 0.2734375 0.1203125 0.0859375
0 0.3515625 0.33125 0.1390625 0.1109375
0 0.28125 0.334375 0.0875 0.08125
0 0.4140625 0.471875 0.1359375 0.1140625
0 0.14765625 0.3578125 0.1046875 0.075
0 0.09765625 0.33359375 0.06875 0.059375
0 0.09453125 0.37890625 0.0671875 0.075
0 0.22265625 0.8921875 0.1765625 0.128125
0 0.73515625 0.90390625 0.134375 0.0875
0 0.67734375 0.93984375 0.1109375 0.075
0 0.55234375 0.9765625 0.1296875 0.046875
0 0.32265625 0.5703125 0.1578125 0.1203125
0 0.4265625 0.46640625 0.1265625 0.0890625
0 0.571875 0.30625 0.103125 0.075
0 0.475 0.3265625 0.0890625 0.0640625
0 0.475 0.3796875 0.109375 0.075
1 0.33671875 0.42890625 0.1 0.0609375
1 0.446875 0.4125 0.0875 0.053125
1 0.52890625 0.36484375 0.0765625 0.059375
1 0.309375 0.665625 0.1234375 0.084375
1 0.40390625 0.80625 0.153125 0.1015625
1 0.5109375 0.74375 0.0890625 0.0703125
1 0.4890625 0.715625 0.06875 0.0484375
1 0.50078125 0.9734375 0.0984375 0.053125
1 0.2828125 0.959375 0.134375 0.08125
1 0.184375 0.8359375 0.1234375 0.10625
1 0.15546875 0.9234375 0.0953125 0.090625