0 0.34296875 0.33359375 0.0875 0.10625
0 0.31484375 0.43125 0.05625 0.0921875
0 0.26796875 0.4546875 0.0765625 0.0984375
0 0.22109375 0.4984375 0.0703125 0.096875
0 0.259375 0.55078125 0.0875 0.1109375
0 0.22890625 0.61796875 0.065625 0.0765625
0 0.2265625 0.56640625 0.0484375 0.0609375
0 0.184375 0.74453125 0.059375 0.084375
0 0.1390625 0.7921875 0.05 0.071875
0 0.453125 0.665625 0.0875 0.1375
0 0.409375 0.55078125 0.08125 0.1203125
0 0.35703125 0.453125 0.0625 0.0734375
0 0.60859375 0.70703125 0.1046875 0.165625
0 0.69453125 0.87578125 0.1 0.1640625
0 0.85703125 0.8859375 0.103125 0.1375
0 0.9328125 0.60703125 0.05625 0.128125
0 0.94453125 0.41015625 0.06875 0.109375
0 0.9375 0.4875 0.06875 0.0890625
1 0.89765625 0.6484375 0.0546875 0.096875
1 0.40078125 0.6375 0.059375 0.084375
1 0.3359375 0.5984375 0.0609375 0.08125
1 0.36953125 0.490625 0.0609375 0.078125
1 0.14921875 0.74140625 0.0390625 0.05625
1 0.6953125 0.6859375 0.0875 0.1375
1 0.61953125 0.903125 0.071875 0.103125
1 0.634375 0.878125 0.0484375 0.0625
1 0.6890625 0.9453125 0.0734375 0.034375
1 0.66171875 0.57265625 0.0484375 0.075
1 0.69765625 0.54609375 0.0640625 0.08125
1 0.5265625 0.71328125 0.0859375 0.125