0 0.25 0.54453125 0.05625 0.10625
0 0.29453125 0.5921875 0.0796875 0.1203125
0 0.278125 0.66015625 0.0625 0.071875
0 0.44765625 0.5734375 0.08125 0.115625
0 0.2609375 0.7953125 0.0515625 0.0921875
0 0.2234375 0.8359375 0.04375 0.0578125
0 0.265625 0.85234375 0.0609375 0.0515625
0 0.79375 0.8796875 0.0828125 0.1546875
0 0.95703125 0.87890625 0.0859375 0.1609375
0 0.9546875 0.39375 0.05625 0.121875
0 0.97265625 0.459375 0.046875 0.1
0 0.9828125 0.58984375 0.034375 0.1234375
0 0.515625 0.68984375 0.0828125 0.1390625
0 0.446875 0.56015625 0.0578125 0.1125
0 0.3359375 0.375 0.0484375 0.0921875
0 0.32734375 0.4734375 0.040625 0.0796875
0 0.37734375 0.48828125 0.046875 0.0984375
1 0.384375 0.63515625 0.034375 0.0921875
1 0.40078125 0.525 0.03125 0.08125
1 0.37890625 0.43203125 0.040625 0.06875
1 0.60234375 0.73125 0.0546875 0.1078125
1 0.76484375 0.68125 0.0640625 0.1359375
1 0.7359375 0.5609375 0.05 0.0765625
1 0.70234375 0.5734375 0.0328125 0.0609375
1 0.95625 0.6390625 0.03125 0.0921875
1 0.8984375 0.84765625 0.1 0.1078125
1 0.7296875 0.9 0.078125 0.1046875
1 0.80390625 0.953125 0.0703125 0.075