1 0.2765625 0.62578125 0.08125 0.090625
1 0.2296875 0.7796875 0.075 0.0828125
1 0.51796875 0.9078125 0.065625 0.078125
1 0.55546875 0.88359375 0.0625 0.05
1 0.7234375 0.85 0.0875 0.109375
1 0.665625 0.78125 0.0984375 0.09375
1 0.871875 0.571875 0.08125 0.09375
1 0.8953125 0.64921875 0.0671875 0.0828125
0 0.9796875 0.53046875 0.040625 0.0453125
0 0.77890625 0.80390625 0.1234375 0.1140625
0 0.603125 0.85390625 0.109375 0.1109375
0 0.6671875 0.86796875 0.0703125 0.0875
0 0.45234375 0.8796875 0.109375 0.125
0 0.5546875 0.77890625 0.0921875 0.0828125
0 0.6421875 0.6 0.0875 0.0796875
0 0.62421875 0.65859375 0.0671875 0.0546875
0 0.796875 0.59765625 0.065625 0.065625
0 0.06953125 0.6875 0.0671875 0.084375