1 0.29375 0.65234375 0.0921875 0.1
1 0.265625 0.81015625 0.084375 0.0921875
1 0.5671875 0.90234375 0.075 0.0859375
1 0.6015625 0.87421875 0.06875 0.0578125
1 0.7640625 0.8203125 0.1 0.11875
1 0.6984375 0.75859375 0.109375 0.1046875
1 0.878125 0.52578125 0.0921875 0.103125
1 0.9109375 0.6 0.0765625 0.090625
0 0.978125 0.471875 0.04375 0.05
0 0.8140625 0.76796875 0.1359375 0.128125
0 0.6453125 0.8390625 0.121875 0.1234375
0 0.7109375 0.84453125 0.08125 0.0953125
0 0.49921875 0.8828125 0.1234375 0.1375
0 0.58828125 0.7703125 0.1015625 0.09375
0 0.653125 0.58203125 0.096875 0.090625
0 0.64296875 0.6421875 0.0734375 0.0625
0 0.80625 0.5609375 0.0734375 0.0734375
0 0.0953125 0.73828125 0.0765625 0.0921875