0 0.07734375 0.3546875 0.1265625 0.1890625
0 0.0390625 0.34140625 0.078125 0.1671875
0 0.1109375 0.5796875 0.09375 0.1421875
0 0.2515625 0.61640625 0.1296875 0.1703125
0 0.35234375 0.50234375 0.1109375 0.165625
0 0.275 0.49765625 0.0890625 0.15
0 0.41875 0.490625 0.0984375 0.159375
0 0.63515625 0.49609375 0.0765625 0.1453125
0 0.6921875 0.4625 0.1234375 0.1546875
0 0.74453125 0.5109375 0.1171875 0.1609375
0 0.9375 0.4703125 0.10625 0.1546875
0 0.8515625 0.290625 0.1109375 0.190625
0 0.9296875 0.22734375 0.0828125 0.184375
1 0.1203125 0.40546875 0.0765625 0.1265625
1 0.178125 0.540625 0.0625 0.0859375
1 0.490625 0.5375 0.053125 0.065625
1 0.60234375 0.60546875 0.0484375 0.0625
1 0.59921875 0.5140625 0.0546875 0.08125
1 0.79453125 0.603125 0.08125 0.0921875
1 0.78828125 0.32109375 0.0734375 0.0828125
1 0.871875 0.3390625 0.078125 0.0921875
1 0.878125 0.44453125 0.0640625 0.096875
1 0.91015625 0.3578125 0.090625 0.0953125
1 0.98515625 0.48515625 0.0296875 0.1015625