0 0.178125 0.81015625 0.1484375 0.203125
0 0.13359375 0.84609375 0.13125 0.1796875
0 0.1140625 0.5921875 0.109375 0.1546875
0 0.2265625 0.5 0.1484375 0.184375
0 0.365625 0.5609375 0.1296875 0.178125
0 0.296875 0.596875 0.10625 0.159375
0 0.43046875 0.54296875 0.115625 0.1703125
0 0.62421875 0.44609375 0.09375 0.153125
0 0.68984375 0.453125 0.1421875 0.16875
0 0.7171875 0.38671875 0.1375 0.1765625
0 0.909375 0.3421875 0.1234375 0.1671875
0 0.90625 0.540625 0.134375 0.2046875
0 0.97578125 0.56640625 0.0484375 0.1890625
1 0.19609375 0.74609375 0.0921875 0.134375
1 0.19140625 0.59921875 0.071875 0.09375
1 0.47578125 0.46953125 0.0609375 0.0734375
1 0.5484375 0.3609375 0.05625 0.0671875
1 0.584375 0.44453125 0.0640625 0.0859375
1 0.7234375 0.28203125 0.090625 0.103125
1 0.8359375 0.540625 0.0828125 0.090625
1 0.9046875 0.4890625 0.0890625 0.1015625
1 0.865625 0.38984375 0.0734375 0.1015625
1 0.93203125 0.45625 0.1015625 0.103125
1 0.9515625 0.3046875 0.053125 0.10625