0 0.1015625 0.29765625 0.103125 0.1765625
0 0.0484375 0.2765625 0.0921875 0.15625
0 0.103125 0.525 0.0765625 0.134375
0 0.23828125 0.58046875 0.109375 0.1578125
0 0.35390625 0.48125 0.090625 0.1546875
0 0.27734375 0.46640625 0.0703125 0.1421875
0 0.42109375 0.4796875 0.0796875 0.1515625
0 0.634375 0.51484375 0.059375 0.1390625
0 0.6953125 0.48984375 0.10625 0.1421875
0 0.740625 0.5453125 0.0984375 0.15
0 0.9375 0.53125 0.0875 0.1453125
0 0.87734375 0.3421875 0.0875 0.1796875
0 0.96328125 0.28984375 0.059375 0.1796875
1 0.1375 0.353125 0.0609375 0.11875
1 0.17578125 0.4953125 0.0515625 0.08125
1 0.4859375 0.5359375 0.0453125 0.0609375
1 0.58671875 0.61875 0.0421875 0.05625
1 0.596875 0.528125 0.0453125 0.075
1 0.77734375 0.64296875 0.0703125 0.084375
1 0.81015625 0.36328125 0.0640625 0.075
1 0.890625 0.3921875 0.0671875 0.084375
1 0.88203125 0.49765625 0.0515625 0.090625
1 0.92578125 0.415625 0.0796875 0.084375
1 0.9875 0.55390625 0.025 0.0984375