0 0.10546875 0.709375 0.1 0.175
0 0.05234375 0.73125 0.0890625 0.1546875
0 0.103125 0.48203125 0.0734375 0.1328125
0 0.23671875 0.42421875 0.10625 0.15625
0 0.35390625 0.52109375 0.0875 0.153125
0 0.278125 0.5375 0.0671875 0.140625
0 0.42109375 0.521875 0.0765625 0.15
0 0.634375 0.4828125 0.05625 0.1375
0 0.6953125 0.50703125 0.103125 0.140625
0 0.73984375 0.45078125 0.0953125 0.1484375
0 0.93671875 0.4609375 0.084375 0.14375
0 0.8796875 0.6515625 0.084375 0.1796875
0 0.9671875 0.70234375 0.05625 0.178125
1 0.13984375 0.653125 0.059375 0.1171875
1 0.17578125 0.51015625 0.05 0.0796875
1 0.48515625 0.4640625 0.04375 0.0609375
1 0.584375 0.3796875 0.040625 0.05625
1 0.59609375 0.4703125 0.04375 0.075
1 0.775 0.35234375 0.06875 0.0828125
1 0.8125 0.63125 0.0625 0.0734375
1 0.8921875 0.60078125 0.065625 0.0828125
1 0.88203125 0.4953125 0.05 0.0890625
1 0.92734375 0.5765625 0.078125 0.0828125
1 0.9875 0.43671875 0.025 0.0984375