0 0.13828125 0.7625 0.1234375 0.1875
0 0.0890625 0.79140625 0.109375 0.165625
0 0.1046875 0.5375 0.090625 0.1421875
0 0.22890625 0.46171875 0.1265625 0.16875
0 0.35859375 0.54140625 0.1078125 0.1640625
0 0.28515625 0.56796875 0.0859375 0.1484375
0 0.425 0.5328125 0.0953125 0.159375
0 0.63046875 0.4640625 0.075 0.14375
0 0.69453125 0.4796875 0.121875 0.153125
0 0.73046875 0.41796875 0.115625 0.1625
0 0.92734375 0.40078125 0.103125 0.1546875
0 0.896875 0.596875 0.109375 0.190625
0 0.975 0.634375 0.05 0.184375
1 0.16484375 0.7015625 0.075 0.125
1 0.18046875 0.55546875 0.0609375 0.0859375
1 0.48046875 0.46640625 0.0515625 0.0671875
1 0.5671875 0.36875 0.0484375 0.0609375
1 0.59140625 0.45703125 0.053125 0.0796875
1 0.7515625 0.315625 0.0796875 0.0921875
1 0.82734375 0.58671875 0.071875 0.08125
1 0.90234375 0.5453125 0.0765625 0.0921875
1 0.87734375 0.4421875 0.0609375 0.09375
1 0.93359375 0.51640625 0.0890625 0.0921875
1 0.97421875 0.36953125 0.0390625 0.1015625