0 0.06796875 0.4078125 0.1359375 0.2
0 0.03515625 0.4 0.0703125 0.175
0 0.1234375 0.62734375 0.1078125 0.15
0 0.26796875 0.64609375 0.146875 0.1828125
0 0.35390625 0.5203125 0.128125 0.175
0 0.2765625 0.525 0.1046875 0.15625
0 0.41796875 0.50078125 0.115625 0.16875
0 0.63359375 0.4796875 0.09375 0.1515625
0 0.6859375 0.43984375 0.140625 0.1671875
0 0.74453125 0.48125 0.1359375 0.1734375
0 0.93046875 0.4171875 0.1234375 0.165625
0 0.8234375 0.25 0.1328125 0.2015625
0 0.89375 0.1765625 0.1046875 0.190625
1 0.1109375 0.4515625 0.090625 0.13125
1 0.1859375 0.5796875 0.071875 0.09375
1 0.4953125 0.5390625 0.059375 0.071875
1 0.6140625 0.5921875 0.0546875 0.065625
1 0.60078125 0.50234375 0.0625 0.084375
1 0.8046875 0.565625 0.090625 0.1
1 0.7640625 0.2875 0.08125 0.0890625
1 0.84921875 0.2953125 0.0875 0.1015625
1 0.86875 0.39921875 0.0734375 0.1
1 0.88984375 0.309375 0.1 0.103125
1 0.9796875 0.4265625 0.040625 0.103125