0 0.7140625 0.48359375 0.121875 0.159375
1 0.653125 0.4 0.090625 0.10625
1 0.3890625 0.51796875 0.075 0.0828125
0 0.57578125 0.5125 0.1328125 0.1890625
1 0.48828125 0.4734375 0.0703125 0.0796875
1 0.3640625 0.4328125 0.08125 0.09375
0 0.24296875 0.55859375 0.1703125 0.1984375
1 0.17890625 0.4703125 0.1140625 0.1265625
0 0.1828125 0.79296875 0.15625 0.2046875
1 0.15078125 0.74765625 0.0953125 0.1140625
1 0.23828125 0.74140625 0.103125 0.1234375
1 0.11015625 0.7390625 0.109375 0.1296875
0 0.9265625 0.56875 0.146875 0.2125
1 0.88046875 0.53359375 0.1015625 0.13125
1 0.79921875 0.41484375 0.0890625 0.1
0 0.96171875 0.5890625 0.0765625 0.178125
0 0.86015625 0.37265625 0.1265625 0.1546875
0 0.71875 0.353125 0.165625 0.2
0 0.646875 0.50078125 0.1640625 0.21875
0 0.309375 0.60390625 0.165625 0.20625
0 0.365625 0.553125 0.121875 0.1828125
0 0.11640625 0.85390625 0.1359375 0.196875
0 0.071875 0.63359375 0.1375 0.178125