0 0.14375 0.3015625 0.08125 0.10625
0 0.0546875 0.26328125 0.075 0.103125
0 0.55859375 0.15078125 0.0765625 0.078125
0 0.93203125 0.321875 0.0796875 0.1109375
1 0.01875 0.2953125 0.0375 0.09375
1 0.03984375 0.353125 0.0453125 0.0625
1 0.065625 0.41484375 0.059375 0.08125
1 0.38046875 0.19765625 0.0828125 0.115625
1 0.45390625 0.24375 0.065625 0.1015625
1 0.4484375 0.23125 0.0921875 0.1515625
1 0.825 0.31171875 0.075 0.1015625
1 0.23046875 0.5140625 0.0984375 0.121875
1 0.11328125 0.51171875 0.046875 0.0671875
0 0.934375 0.31640625 0.078125 0.1125