0 0.18359375 0.75703125 0.065625 0.096875
0 0.10234375 0.81015625 0.059375 0.09375
0 0.61796875 0.83359375 0.065625 0.0671875
0 0.95625 0.60078125 0.0625 0.1015625
1 0.04375 0.7875 0.0609375 0.084375
1 0.07265625 0.72421875 0.0359375 0.0578125
1 0.08671875 0.659375 0.046875 0.0734375
1 0.43515625 0.81875 0.065625 0.1046875
1 0.49921875 0.76015625 0.05 0.09375
1 0.49609375 0.7734375 0.06875 0.1421875
1 0.853125 0.62890625 0.059375 0.0921875
1 0.23203125 0.5328125 0.08125 0.109375
1 0.1171875 0.55546875 0.0375 0.0609375
0 0.959375 0.60546875 0.0609375 0.103125