0 0.24921875 0.178125 0.0859375 0.109375
0 0.1828125 0.10859375 0.0796875 0.1046875
0 0.68984375 0.2015625 0.0796875 0.0796875
0 0.96171875 0.50390625 0.0765625 0.1140625
1 0.11953125 0.1171875 0.0765625 0.096875
1 0.134375 0.1859375 0.046875 0.0640625
1 0.1328125 0.2515625 0.0625 0.0828125
1 0.50859375 0.175 0.0890625 0.1140625
1 0.5578125 0.24609375 0.0703125 0.103125
1 0.5578125 0.2328125 0.1 0.153125
1 0.87265625 0.45390625 0.078125 0.103125
1 0.24609375 0.4078125 0.103125 0.1265625
1 0.1390625 0.36015625 0.0515625 0.06875
0 0.96484375 0.49921875 0.0703125 0.1140625