0 0.18828125 0.7625 0.084375 0.1078125
0 0.1078125 0.8171875 0.0765625 0.1046875
0 0.6234375 0.83203125 0.0796875 0.0796875
0 0.95859375 0.5921875 0.0828125 0.1125
1 0.0546875 0.79453125 0.0625 0.09375
1 0.0765625 0.73125 0.0453125 0.0625
1 0.0890625 0.66640625 0.0609375 0.08125
1 0.440625 0.81953125 0.0859375 0.115625
1 0.50390625 0.76015625 0.06875 0.1046875
1 0.5015625 0.7734375 0.0953125 0.1515625
1 0.85546875 0.62265625 0.078125 0.1015625
1 0.2328125 0.5375 0.1015625 0.125
1 0.11875 0.56171875 0.0484375 0.0671875
0 0.96015625 0.596875 0.0796875 0.115625