1 0.0203125 0.6703125 0.040625 0.06875
0 0.521875 0.75546875 0.0515625 0.078125
1 0.5375 0.71015625 0.0515625 0.065625
1 0.32890625 0.80703125 0.059375 0.0875
1 0.028125 0.79375 0.05625 0.11875
1 0.17265625 0.56875 0.08125 0.10625
1 0.67421875 0.6578125 0.05 0.0640625
0 0.853125 0.778125 0.0390625 0.0546875
1 0.87421875 0.78984375 0.0359375 0.0546875
1 0.1734375 0.57265625 0.075 0.09375
1 0.57578125 0.446875 0.0484375 0.065625
1 0.4359375 0.584375 0.0359375 0.053125
0 0.853125 0.746875 0.0390625 0.0453125
1 0.875 0.728125 0.0359375 0.05
1 0.67734375 0.80859375 0.0296875 0.0484375
1 0.65234375 0.73984375 0.0328125 0.0421875
1 0.4890625 0.734375 0.0328125 0.0515625
0 0.065625 0.6765625 0.0625 0.078125
0 0.0796875 0.80859375 0.071875 0.11875
0 0.14453125 0.82265625 0.075 0.109375
0 0.19453125 0.74296875 0.0578125 0.0859375
0 0.2140625 0.68203125 0.046875 0.075
0 0.2484375 0.71484375 0.053125 0.08125
0 0.26953125 0.7484375 0.059375 0.0953125
0 0.30625 0.62421875 0.05 0.0703125
0 0.40546875 0.56484375 0.06875 0.078125
0 0.38203125 0.70703125 0.06875 0.0984375
0 0.37421875 0.7921875 0.053125 0.084375
0 0.4140625 0.7625 0.0515625 0.090625
0 0.4609375 0.753125 0.0640625 0.1
0 0.5671875 0.7875 0.059375 0.0828125
0 0.59296875 0.7890625 0.0421875 0.0984375
0 0.628125 0.81015625 0.046875 0.06875
0 0.634375 0.6765625 0.046875 0.059375
0 0.6859375 0.72578125 0.040625 0.0546875
0 0.93984375 0.71328125 0.021875 0.0296875
0 0.94609375 0.68828125 0.03125 0.034375