0 0.175 0.8453125 0.075 0.103125
0 0.10703125 0.8265625 0.0734375 0.1125
0 0.23046875 0.69921875 0.0375 0.071875
0 0.32421875 0.640625 0.0453125 0.0578125
0 0.44140625 0.77109375 0.0421875 0.0796875
0 0.40390625 0.7171875 0.0546875 0.0890625
0 0.40078125 0.809375 0.0546875 0.0734375
0 0.27421875 0.73203125 0.046875 0.0828125
0 0.22109375 0.7625 0.0515625 0.084375
0 0.0875 0.70546875 0.0609375 0.0859375
0 0.2875 0.84453125 0.03125 0.24375
0 0.171875 0.5546875 0.0765625 0.0703125
0 0.4890625 0.75703125 0.0484375 0.1015625
0 0.54921875 0.759375 0.0453125 0.08125
0 0.60078125 0.78984375 0.04375 0.0796875
0 0.62109375 0.78984375 0.0359375 0.1078125
0 0.65546875 0.67734375 0.0421875 0.0625
0 0.70859375 0.7234375 0.034375 0.046875
0 0.878125 0.7421875 0.0375 0.05
0 0.96484375 0.68046875 0.0296875 0.03125
0 0.9515625 0.69609375 0.0296875 0.0296875
0 0.65859375 0.8078125 0.034375 0.0546875
1 0.03203125 0.696875 0.04375 0.075
1 0.04296875 0.8140625 0.0765625 0.0984375
1 0.35859375 0.82734375 0.0453125 0.0703125
1 0.51640625 0.73828125 0.0203125 0.0609375
1 0.70859375 0.8078125 0.0203125 0.046875
1 0.4546875 0.59609375 0.0265625 0.05
1 0.58203125 0.45703125 0.040625 0.0546875
1 0.1890625 0.59296875 0.0640625 0.0890625
1 0.90078125 0.72109375 0.028125 0.040625
0 0.4171875 0.5796875 0.053125 0.075
1 0.9046875 0.78515625 0.0265625 0.0421875