1 0.07578125 0.21875 0.05625 0.0765625
0 0.5828125 0.25703125 0.06875 0.0875
1 0.5875 0.30546875 0.065625 0.0765625
1 0.40859375 0.1609375 0.078125 0.1
1 0.11328125 0.10078125 0.0828125 0.128125
1 0.19921875 0.35390625 0.1046875 0.1234375
1 0.70703125 0.3890625 0.0640625 0.075
0 0.91015625 0.315625 0.05 0.0625
1 0.93359375 0.309375 0.0484375 0.0625
1 0.20078125 0.35078125 0.0953125 0.109375
1 0.5609375 0.56953125 0.0625 0.075
1 0.45859375 0.40234375 0.046875 0.059375
0 0.90234375 0.34609375 0.0484375 0.053125
1 0.91875 0.36953125 0.0484375 0.0578125
1 0.746875 0.24375 0.040625 0.0546875
1 0.70546875 0.30390625 0.0421875 0.0484375
1 0.54609375 0.2703125 0.0453125 0.0578125
0 0.12109375 0.2234375 0.0796875 0.090625
0 0.1671875 0.09921875 0.0984375 0.1328125
0 0.2328125 0.10078125 0.1 0.125
0 0.2625 0.190625 0.0765625 0.096875
0 0.26640625 0.25390625 0.0640625 0.084375
0 0.3078125 0.23046875 0.071875 0.0921875
0 0.33671875 0.203125 0.08125 0.1078125
0 0.3421875 0.3328125 0.065625 0.0796875
0 0.42421875 0.4140625 0.0859375 0.0921875
0 0.4359375 0.2703125 0.090625 0.1125
0 0.4484375 0.1859375 0.071875 0.0953125
0 0.48046875 0.22421875 0.0734375 0.1
0 0.5234375 0.2453125 0.0875 0.1125
0 0.634375 0.2375 0.078125 0.09375
0 0.66015625 0.2421875 0.0640625 0.1046875
0 0.69921875 0.2296875 0.0625 0.078125
0 0.6734375 0.3609375 0.059375 0.06875
0 0.73515625 0.32578125 0.053125 0.0625
0 0.978125 0.39921875 0.028125 0.034375
0 0.978125 0.425 0.0390625 0.040625