0 0.13515625 0.196875 0.0875 0.1109375
0 0.0703125 0.2234375 0.0859375 0.1203125
0 0.2078125 0.33515625 0.0453125 0.0765625
0 0.30859375 0.38203125 0.0515625 0.0625
0 0.40859375 0.23828125 0.0515625 0.084375
0 0.378125 0.29609375 0.065625 0.0953125
0 0.3640625 0.2046875 0.0640625 0.0796875
0 0.24765625 0.296875 0.05625 0.0875
0 0.19140625 0.2734375 0.0609375 0.090625
0 0.065625 0.34609375 0.071875 0.0921875
0 0.246875 0.18359375 0.0609375 0.2453125
0 0.16796875 0.4859375 0.084375 0.0796875
0 0.4578125 0.24609375 0.059375 0.10625
0 0.5171875 0.23671875 0.0546875 0.0859375
0 0.56484375 0.2 0.053125 0.084375
0 0.58515625 0.19765625 0.0484375 0.1109375
0 0.6328125 0.3046875 0.05 0.0671875
0 0.6796875 0.253125 0.0390625 0.05
0 0.84609375 0.21328125 0.04375 0.0546875
0 0.9390625 0.2640625 0.0328125 0.034375
0 0.92421875 0.25 0.0328125 0.0328125
0 0.61953125 0.175 0.040625 0.0578125
1 0.01875 0.36171875 0.0375 0.0796875
1 0.02578125 0.24375 0.0515625 0.10625
1 0.31953125 0.1921875 0.053125 0.075
1 0.4875 0.26171875 0.028125 0.0625
1 0.66953125 0.16875 0.0265625 0.0484375
1 0.44296875 0.41015625 0.0328125 0.053125
1 0.58671875 0.5328125 0.046875 0.059375
1 0.1796875 0.4453125 0.075 0.096875
1 0.87109375 0.23203125 0.0328125 0.04375
0 0.4078125 0.43125 0.0625 0.08125
1 0.8671875 0.16796875 0.0328125 0.0453125