0 0.32734375 0.9375 0.1140625 0.125
0 0.2578125 0.93984375 0.115625 0.1203125
0 0.325 0.7859375 0.0640625 0.0859375
0 0.3890625 0.696875 0.065625 0.075
0 0.54765625 0.7734375 0.071875 0.09375
0 0.4921875 0.7375 0.0875 0.1109375
0 0.52421875 0.82421875 0.08125 0.0921875
0 0.37734375 0.8 0.078125 0.1015625
0 0.33984375 0.84765625 0.08125 0.1015625
0 0.19453125 0.8453125 0.0921875 0.1078125
0 0.43125 0.8859375 0.121875 0.228125
0 0.21640625 0.6734375 0.1015625 0.0984375
0 0.5859375 0.74296875 0.084375 0.11875
0 0.64296875 0.721875 0.075 0.1
0 0.7015625 0.73125 0.0734375 0.096875
0 0.72109375 0.7234375 0.0765625 0.1203125
0 0.7109375 0.60625 0.065625 0.078125
0 0.77734375 0.62890625 0.0515625 0.0609375
0 0.94140625 0.5828125 0.05625 0.0640625
0 0.9890625 0.49375 0.021875 0.040625
0 0.9859375 0.5125 0.028125 0.040625
0 0.76171875 0.72578125 0.0546875 0.06875
1 0.13984375 0.8578125 0.071875 0.090625
1 0.19296875 0.94921875 0.1140625 0.1015625
1 0.49140625 0.85703125 0.071875 0.0875
1 0.6046875 0.71484375 0.0421875 0.06875
1 0.80859375 0.7078125 0.0375 0.0546875
1 0.49453125 0.60625 0.0453125 0.0609375
1 0.56015625 0.4296875 0.0609375 0.06875
1 0.246875 0.703125 0.0953125 0.1125
1 0.9546875 0.5546875 0.04375 0.05
0 0.45234375 0.6046875 0.0828125 0.0953125
1 0.98046875 0.61171875 0.0390625 0.0515625