0 0.69765625 0.40859375 0.0765625 0.0765625
0 0.7234375 0.46796875 0.071875 0.0921875
0 0.68203125 0.478125 0.128125 0.15
0 0.59453125 0.453125 0.121875 0.1484375
0 0.51640625 0.428125 0.1265625 0.1546875
0 0.45078125 0.62265625 0.1734375 0.196875
0 0.3265625 0.61484375 0.18125 0.2109375
0 0.36171875 0.29375 0.1734375 0.2109375
1 0.2390625 0.346875 0.1828125 0.2
1 0.7140625 0.7171875 0.1109375 0.125
1 0.7109375 0.8890625 0.0875 0.1046875
1 0.53984375 0.834375 0.078125 0.0953125
1 0.95546875 0.53984375 0.0703125 0.084375
1 0.759375 0.54453125 0.1203125 0.1359375
1 0.11015625 0.4203125 0.053125 0.071875
1 0.86015625 0.7203125 0.05 0.0625
1 0.7921875 0.74921875 0.0625 0.0734375
1 0.69375 0.796875 0.084375 0.096875
0 0.93671875 0.6859375 0.040625 0.053125
0 0.90234375 0.678125 0.046875 0.05625
0 0.88203125 0.65 0.0421875 0.0515625
0 0.85546875 0.625 0.0390625 0.0453125
0 0.85546875 0.55 0.0765625 0.0859375
0 0.6359375 0.66171875 0.1109375 0.146875
1 0.6 0.78984375 0.1234375 0.1546875