0 0.67421875 0.63046875 0.0640625 0.0640625
0 0.71171875 0.578125 0.05625 0.0828125
0 0.6734375 0.559375 0.103125 0.13125
0 0.5828125 0.565625 0.0953125 0.13125
0 0.5015625 0.5734375 0.1 0.1375
0 0.47734375 0.36953125 0.140625 0.171875
0 0.35390625 0.3515625 0.1453125 0.1859375
0 0.321875 0.67265625 0.1390625 0.1859375
1 0.21328125 0.5953125 0.15 0.171875
1 0.7546875 0.33203125 0.090625 0.1078125
1 0.7875 0.16328125 0.0703125 0.0921875
1 0.60859375 0.18125 0.0625 0.084375
1 0.95390625 0.55546875 0.05625 0.075
1 0.76328125 0.51015625 0.0984375 0.11875
1 0.10234375 0.496875 0.040625 0.065625
1 0.8984375 0.359375 0.0390625 0.0546875
1 0.8375 0.3171875 0.0515625 0.0640625
1 0.7515625 0.25 0.06875 0.084375
0 0.965625 0.40859375 0.03125 0.046875
0 0.93046875 0.409375 0.0375 0.05
0 0.9046875 0.4328125 0.0328125 0.0453125
0 0.8734375 0.4515625 0.03125 0.0390625
0 0.8578125 0.525 0.0625 0.0734375
0 0.66640625 0.3703125 0.0859375 0.13125
1 0.6578125 0.2375 0.0984375 0.1375