0 0.8546875 0.20234375 0.2421875 0.2921875
0 0.76875 0.459375 0.1296875 0.13125
0 0.82265625 0.56640625 0.1046875 0.1375
0 0.62578125 0.44375 0.1328125 0.1625
0 0.47109375 0.4421875 0.2015625 0.1953125
0 0.42890625 0.28515625 0.146875 0.165625
0 0.31796875 0.20546875 0.1203125 0.1296875
0 0.22109375 0.221875 0.1046875 0.1265625
0 0.1421875 0.23984375 0.109375 0.140625
0 0.1671875 0.46171875 0.109375 0.1703125
0 0.11328125 0.41953125 0.09375 0.1265625
0 0.27421875 0.46953125 0.1375 0.1390625
1 0.4421875 0.565625 0.134375 0.134375
1 0.90859375 0.5515625 0.1828125 0.20625
1 0.7578125 0.571875 0.0734375 0.0859375
1 0.56328125 0.52421875 0.0921875 0.0875
1 0.08828125 0.4890625 0.0765625 0.0640625