0 0.2109375 0.17421875 0.2640625 0.3046875
0 0.2390625 0.4390625 0.1390625 0.1390625
0 0.1609375 0.53125 0.1171875 0.14375
0 0.38359375 0.4515625 0.1484375 0.1703125
0 0.5375 0.48046875 0.21875 0.20625
0 0.615625 0.3375 0.1609375 0.171875
0 0.74453125 0.2828125 0.1296875 0.134375
0 0.8359375 0.3171875 0.115625 0.1328125
0 0.9109375 0.34921875 0.11875 0.146875
0 0.8359375 0.55859375 0.1234375 0.175
0 0.8984375 0.52890625 0.1046875 0.13125
0 0.728125 0.5453125 0.146875 0.146875
1 0.5390625 0.60390625 0.1453125 0.1421875
1 0.0875 0.496875 0.175 0.2125
1 0.22421875 0.54921875 0.0796875 0.090625
1 0.4265625 0.54140625 0.0984375 0.0921875
1 0.9078125 0.6 0.0796875 0.0671875