0 0.84921875 0.80390625 0.2375 0.2875
0 0.76796875 0.5453125 0.128125 0.1296875
0 0.8234375 0.4390625 0.103125 0.1359375
0 0.625 0.55859375 0.1296875 0.1609375
0 0.4703125 0.55703125 0.1984375 0.1921875
0 0.425 0.71328125 0.1453125 0.1625
0 0.3125 0.79140625 0.1171875 0.128125
0 0.21640625 0.7734375 0.103125 0.125
0 0.1375 0.75390625 0.10625 0.1390625
0 0.16640625 0.5328125 0.10625 0.16875
0 0.11171875 0.5734375 0.0921875 0.125
0 0.2734375 0.5265625 0.134375 0.1375
1 0.44296875 0.43359375 0.1328125 0.1328125
1 0.91015625 0.4546875 0.1796875 0.203125
1 0.759375 0.4328125 0.071875 0.084375
1 0.5640625 0.4765625 0.090625 0.0859375
1 0.08828125 0.50390625 0.075 0.0625