1 0.871875 0.41875 0.1375 0.2140625
1 0.8 0.45546875 0.146875 0.2125
1 0.73984375 0.27109375 0.153125 0.2234375
1 0.59453125 0.359375 0.13125 0.165625
0 0.62734375 0.65234375 0.1734375 0.2328125
1 0.57109375 0.5515625 0.121875 0.1921875
1 0.5296875 0.478125 0.09375 0.1484375
1 0.48046875 0.453125 0.1421875 0.234375
1 0.43359375 0.33984375 0.09375 0.1484375
1 0.309375 0.3703125 0.1296875 0.2109375
1 0.25703125 0.409375 0.121875 0.2203125
0 0.38984375 0.47734375 0.171875 0.271875
0 0.35078125 0.56328125 0.1734375 0.2828125
0 0.28671875 0.65 0.134375 0.2453125
0 0.63984375 0.50703125 0.15625 0.234375
0 0.67578125 0.37109375 0.1484375 0.2390625
0 0.76484375 0.6171875 0.1890625 0.2859375
0 0.7296875 0.73203125 0.1546875 0.2203125