0 0.31015625 0.38125 0.1265625 0.228125
0 0.21953125 0.6046875 0.1515625 0.290625
0 0.25703125 0.70859375 0.1453125 0.246875
0 0.59609375 0.46640625 0.1484375 0.265625
0 0.703125 0.63671875 0.121875 0.259375
0 0.6421875 0.54609375 0.134375 0.2515625
0 0.353125 0.6375 0.165625 0.2359375
1 0.23828125 0.29453125 0.1375 0.240625
1 0.11171875 0.421875 0.1125 0.215625
1 0.18828125 0.45546875 0.1078125 0.1921875
1 0.41875 0.54375 0.0921875 0.16875
1 0.4515625 0.48671875 0.0828125 0.1484375
1 0.50625 0.45625 0.1015625 0.1828125
1 0.55390625 0.34140625 0.0640625 0.11875
1 0.68515625 0.35703125 0.09375 0.165625
1 0.72734375 0.40625 0.1015625 0.1828125
1 0.96796875 0.228125 0.0640625 0.096875
1 0.97890625 0.3453125 0.0421875 0.128125
1 0.9703125 0.5046875 0.059375 0.171875