1 0.88046875 0.5109375 0.0921875 0.196875
1 0.8015625 0.5296875 0.103125 0.19375
1 0.78828125 0.3359375 0.10625 0.2046875
1 0.62578125 0.38671875 0.0984375 0.146875
0 0.58671875 0.67890625 0.1265625 0.2078125
1 0.55625 0.5671875 0.08125 0.178125
1 0.534375 0.4859375 0.0609375 0.1375
1 0.4921875 0.45 0.0921875 0.2203125
1 0.47421875 0.32890625 0.0625 0.1375
1 0.34609375 0.328125 0.084375 0.196875
1 0.2859375 0.353125 0.0734375 0.209375
0 0.3984375 0.4515625 0.1140625 0.2515625
0 0.33984375 0.525 0.1125 0.2640625
0 0.25703125 0.59375 0.08125 0.2328125
0 0.634375 0.540625 0.1078125 0.215625
0 0.7015625 0.4171875 0.096875 0.221875
0 0.72890625 0.678125 0.1296875 0.2609375
0 0.6671875 0.78046875 0.109375 0.2