0 0.31796875 0.36875 0.140625 0.234375
0 0.21328125 0.58515625 0.1703125 0.2984375
0 0.24375 0.690625 0.1578125 0.2546875
0 0.59765625 0.47265625 0.1671875 0.2734375
0 0.69296875 0.65 0.1390625 0.265625
0 0.6390625 0.55546875 0.15 0.259375
0 0.34375 0.62734375 0.18125 0.2453125
1 0.25390625 0.2765625 0.1515625 0.2453125
1 0.11796875 0.3953125 0.1265625 0.221875
1 0.1921875 0.43359375 0.1203125 0.196875
1 0.415625 0.5375 0.103125 0.1734375
1 0.45234375 0.48359375 0.0921875 0.1546875
1 0.509375 0.4578125 0.1125 0.1875
1 0.5640625 0.34609375 0.071875 0.121875
1 0.69453125 0.3703125 0.1015625 0.1703125
1 0.73359375 0.421875 0.1125 0.1875
1 0.97578125 0.2609375 0.0484375 0.1
1 0.98125 0.378125 0.0375 0.13125
1 0.96640625 0.53671875 0.0671875 0.1765625