0 0.28046875 0.453125 0.11875 0.2265625
0 0.271875 0.69453125 0.14375 0.2875
0 0.34296875 0.77890625 0.1375 0.24375
0 0.578125 0.43515625 0.140625 0.2625
0 0.73828125 0.55859375 0.1125 0.259375
0 0.64921875 0.49453125 0.1265625 0.25
0 0.409375 0.6796875 0.159375 0.2328125
1 0.18359375 0.396875 0.1296875 0.2390625
1 0.10859375 0.559375 0.10625 0.2140625
1 0.19140625 0.56484375 0.1015625 0.190625
1 0.4390625 0.56875 0.0859375 0.1671875
1 0.45 0.50390625 0.078125 0.1484375
1 0.490625 0.45703125 0.096875 0.18125
1 0.49609375 0.3328125 0.0609375 0.1171875
1 0.625 0.30234375 0.0890625 0.1640625
1 0.68203125 0.334375 0.096875 0.18125
1 0.85546875 0.08125 0.078125 0.09375
1 0.9203125 0.1828125 0.0875 0.1265625
1 0.9546875 0.3390625 0.0765625 0.171875