0 0.415625 0.7078125 0.2171875 0.0875
0 0.6515625 0.7578125 0.278125 0.1046875
0 0.74765625 0.703125 0.2328125 0.10625
0 0.45 0.41171875 0.2515625 0.1078125
0 0.59921875 0.27578125 0.2515625 0.0796875
0 0.5203125 0.3515625 0.2421875 0.09375
0 0.6609375 0.62109375 0.2171875 0.1296875
1 0.34296875 0.79375 0.2265625 0.1
1 0.490625 0.89609375 0.20625 0.078125
1 0.51015625 0.81484375 0.18125 0.078125
1 0.55703125 0.571875 0.1609375 0.065625
1 0.4953125 0.55 0.1421875 0.059375
1 0.45625 0.5015625 0.1734375 0.071875
1 0.33515625 0.47421875 0.1125 0.0453125
1 0.3265625 0.3421875 0.1578125 0.065625
1 0.36875 0.2921875 0.1734375 0.071875
1 0.14921875 0.07734375 0.0859375 0.0671875
1 0.259375 0.03359375 0.11875 0.0671875
1 0.42109375 0.02578125 0.1671875 0.0515625