1 0.8796875 0.478125 0.109375 0.2046875
1 0.803125 0.503125 0.1203125 0.2015625
1 0.77265625 0.31171875 0.1234375 0.2125
1 0.615625 0.3765625 0.1109375 0.1546875
0 0.60234375 0.6703125 0.14375 0.21875
1 0.56171875 0.56171875 0.096875 0.184375
1 0.5328125 0.4828125 0.0734375 0.1421875
1 0.4875 0.45078125 0.1109375 0.2265625
1 0.459375 0.33203125 0.075 0.1421875
1 0.33203125 0.3421875 0.1015625 0.203125
1 0.27421875 0.37265625 0.090625 0.215625
0 0.39453125 0.4609375 0.1359375 0.2609375
0 0.34296875 0.5390625 0.134375 0.271875
0 0.26640625 0.61484375 0.1015625 0.2375
0 0.6375 0.52890625 0.125 0.2234375
0 0.69375 0.4 0.115625 0.2296875
0 0.74375 0.6578125 0.1515625 0.271875
0 0.690625 0.76484375 0.1265625 0.209375