1 0.1125 0.4390625 0.1109375 0.2078125
1 0.1921875 0.43203125 0.1203125 0.2078125
1 0.1859375 0.6265625 0.1265625 0.21875
1 0.35234375 0.60078125 0.1125 0.1609375
0 0.4203125 0.31640625 0.146875 0.2234375
1 0.4390625 0.43203125 0.096875 0.1875
1 0.453125 0.51640625 0.075 0.146875
1 0.49140625 0.55859375 0.115625 0.2328125
1 0.49609375 0.68046875 0.075 0.1453125
1 0.6234375 0.70078125 0.103125 0.2078125
1 0.68515625 0.6859375 0.09375 0.21875
0 0.58359375 0.57109375 0.1390625 0.265625
0 0.64921875 0.50546875 0.1375 0.278125
0 0.73828125 0.45078125 0.1046875 0.24375
0 0.35859375 0.44609375 0.1296875 0.23125
0 0.28046875 0.5578125 0.1203125 0.234375
0 0.27890625 0.2953125 0.1546875 0.2765625
0 0.35 0.203125 0.1296875 0.2140625