1 0.11015625 0.540625 0.1 0.203125
1 0.1890625 0.5515625 0.1109375 0.2015625
1 0.19296875 0.35703125 0.115625 0.2125
1 0.3578125 0.39140625 0.1046875 0.15625
0 0.4109375 0.67890625 0.1359375 0.2171875
1 0.4359375 0.56484375 0.0875 0.1828125
1 0.45390625 0.48125 0.0671875 0.1421875
1 0.49453125 0.44140625 0.103125 0.228125
1 0.50546875 0.31953125 0.0671875 0.1421875
1 0.63359375 0.30625 0.0921875 0.203125
1 0.69453125 0.32421875 0.0828125 0.2140625
0 0.5875 0.43359375 0.125 0.259375
0 0.64921875 0.50234375 0.1234375 0.271875
0 0.73515625 0.56171875 0.0921875 0.2390625
0 0.35625 0.54609375 0.1171875 0.225
0 0.28359375 0.43046875 0.1078125 0.2296875
0 0.26875 0.69296875 0.140625 0.2703125
0 0.334375 0.78828125 0.11875 0.2078125