0 0.38671875 0.565625 0.1078125 0.0640625
0 0.48671875 0.49296875 0.1 0.0640625
0 0.50859375 0.4390625 0.096875 0.0578125
0 0.55625 0.290625 0.096875 0.0546875
0 0.61328125 0.328125 0.0953125 0.0546875
0 0.53671875 0.340625 0.0796875 0.0390625
0 0.51640625 0.9828125 0.0859375 0.034375
0 0.63984375 0.9109375 0.0984375 0.0515625
0 0.62265625 0.878125 0.075 0.0484375
0 0.62109375 0.63046875 0.0921875 0.053125
0 0.52578125 0.52109375 0.0984375 0.0515625
0 0.6515625 0.4140625 0.0765625 0.046875
0 0.78125 0.740625 0.0953125 0.0578125
0 0.66796875 0.7375 0.0625 0.0328125
0 0.9125 0.5890625 0.0765625 0.0421875
0 0.959375 0.253125 0.0421875 0.0265625
0 0.4234375 0.0640625 0.1171875 0.065625
0 0.7609375 0.809375 0.096875 0.0578125
0 0.65234375 0.390625 0.0734375 0.04375
1 0.6265625 0.175 0.0734375 0.0484375
1 0.5 0.203125 0.071875 0.0453125
1 0.434375 0.2734375 0.05 0.03125
1 0.415625 0.33203125 0.0671875 0.046875
1 0.39375 0.4046875 0.0484375 0.034375
1 0.31015625 0.51328125 0.0390625 0.028125
1 0.60234375 0.125 0.0640625 0.0375
1 0.703125 0.240625 0.0640625 0.0375
1 0.684375 0.759375 0.0609375 0.053125
1 0.728125 0.8234375 0.0421875 0.025
1 0.8671875 0.94609375 0.0421875 0.0234375
1 0.6875 0.9796875 0.0390625 0.0234375
1 0.87109375 0.965625 0.046875 0.0203125
1 0.6609375 0.5796875 0.0671875 0.0421875
1 0.775 0.78203125 0.0828125 0.0453125
1 0.66015625 0.203125 0.05 0.028125
0 0.7203125 0.2 0.0875 0.0578125
1 0.46484375 0.1265625 0.0734375 0.0484375
1 0.234375 0.3125 0.0484375 0.04375
1 0.096875 0.7046875 0.053125 0.0390625
1 0.4046875 0.9859375 0.0421875 0.01875