0 0.01328125 0.41171875 0.0265625 0.0921875
0 0.03515625 0.54140625 0.0703125 0.1109375
0 0.0765625 0.52109375 0.071875 0.1046875
0 0.10546875 0.671875 0.0828125 0.121875
0 0.16640625 0.7 0.08125 0.125
0 0.31796875 0.5640625 0.084375 0.1234375
0 0.44609375 0.346875 0.0890625 0.1234375
0 0.4953125 0.46015625 0.0828125 0.121875
0 0.45390625 0.49609375 0.0859375 0.1234375
0 0.54140625 0.48671875 0.0828125 0.1234375
0 0.628125 0.53046875 0.06875 0.1078125
0 0.66875 0.56015625 0.0859375 0.128125
0 0.61796875 0.6046875 0.0875 0.11875
0 0.52421875 0.6265625 0.075 0.1015625
0 0.55078125 0.64140625 0.0625 0.0875
0 0.92421875 0.4734375 0.103125 0.1421875
0 0.59453125 0.95546875 0.04375 0.0578125
0 0.5171875 0.91796875 0.040625 0.0578125
1 0.2546875 0.88125 0.0375 0.046875
0 0.2796875 0.84921875 0.065625 0.0890625
1 0.1765625 0.6046875 0.075 0.084375
0 0.2 0.590625 0.053125 0.078125
1 0.984375 0.44375 0.03125 0.0625
1 0.771875 0.52109375 0.0703125 0.09375
1 0.7625 0.6484375 0.08125 0.1015625
0 0.79453125 0.58359375 0.06875 0.0890625
1 0.81953125 0.6328125 0.0609375 0.0859375
1 0.678125 0.71015625 0.053125 0.0765625
1 0.71953125 0.4453125 0.05625 0.0671875
1 0.665625 0.4125 0.0578125 0.0765625
1 0.603125 0.378125 0.0546875 0.0671875
1 0.5171875 0.278125 0.0484375 0.05625
1 0.35625 0.60546875 0.0640625 0.0859375
1 0.10078125 0.63359375 0.04375 0.053125