0 0.378125 0.546875 0.1109375 0.0703125
0 0.48828125 0.490625 0.103125 0.06875
0 0.51796875 0.44140625 0.0984375 0.0625
0 0.58828125 0.3015625 0.0984375 0.059375
0 0.63828125 0.34765625 0.096875 0.059375
0 0.56171875 0.3484375 0.08125 0.0421875
0 0.440625 0.98046875 0.0875 0.0390625
0 0.5734375 0.928125 0.1015625 0.05625
0 0.56171875 0.89296875 0.078125 0.0515625
0 0.59921875 0.64765625 0.09375 0.0578125
0 0.52265625 0.525 0.1015625 0.05625
0 0.66328125 0.43828125 0.0796875 0.0515625
0 0.73984375 0.78125 0.096875 0.0609375
0 0.62890625 0.7609375 0.0640625 0.0359375
0 0.89296875 0.65234375 0.078125 0.046875
0 0.98515625 0.32734375 0.0296875 0.0296875
0 0.4921875 0.0578125 0.1203125 0.0703125
0 0.709375 0.84609375 0.0984375 0.0625
0 0.6671875 0.415625 0.075 0.0484375
1 0.6765625 0.1984375 0.0765625 0.053125
1 0.546875 0.20703125 0.0734375 0.05
1 0.4703125 0.265625 0.0515625 0.0328125
1 0.44296875 0.32109375 0.0703125 0.05
1 0.41015625 0.3890625 0.05 0.0359375
1 0.31015625 0.4828125 0.040625 0.0296875
1 0.659375 0.14609375 0.065625 0.040625
1 0.74140625 0.27578125 0.065625 0.040625
1 0.64140625 0.78515625 0.0640625 0.05625
1 0.675 0.85546875 0.0421875 0.028125
1 0.79140625 0.9921875 0.0421875 0.015625
1 0.61015625 0.9953125 0.0390625 0.009375
1 0.64609375 0.60390625 0.06875 0.0453125
1 0.728125 0.821875 0.084375 0.0484375
1 0.7046875 0.23203125 0.0515625 0.0296875
0 0.76484375 0.23828125 0.090625 0.0625
1 0.5234375 0.12578125 0.0765625 0.0515625
1 0.2671875 0.2734375 0.0515625 0.0453125
1 0.06953125 0.6390625 0.0546875 0.040625
1 0.33046875 0.965625 0.0421875 0.021875