0 0.00625 0.48984375 0.0125 0.0921875
0 0.04609375 0.6140625 0.059375 0.1046875
0 0.08515625 0.5875 0.0578125 0.0984375
0 0.13671875 0.73125 0.065625 0.1140625
0 0.20234375 0.75 0.0640625 0.1171875
0 0.33046875 0.59140625 0.0671875 0.1140625
0 0.42265625 0.35703125 0.071875 0.1140625
0 0.4890625 0.4609375 0.0671875 0.1140625
0 0.45390625 0.503125 0.06875 0.1140625
0 0.5390625 0.48046875 0.0671875 0.115625
0 0.63125 0.51015625 0.053125 0.1015625
0 0.6765625 0.5328125 0.06875 0.1203125
0 0.6328125 0.58515625 0.071875 0.109375
0 0.54375 0.62109375 0.0609375 0.09375
0 0.571875 0.63125 0.05 0.08125
0 0.91484375 0.40703125 0.084375 0.1328125
0 0.66484375 0.93515625 0.0359375 0.0546875
0 0.5828125 0.91015625 0.0328125 0.0546875
1 0.3171875 0.91484375 0.03125 0.04375
0 0.3375 0.8796875 0.0546875 0.0828125
1 0.196875 0.6546875 0.065625 0.075
0 0.21796875 0.6359375 0.04375 0.0734375
1 0.97265625 0.36796875 0.0265625 0.059375
1 0.771875 0.478125 0.0578125 0.0859375
1 0.7828125 0.60546875 0.0671875 0.0921875
0 0.80390625 0.53671875 0.05625 0.08125
1 0.83671875 0.58125 0.05 0.0796875
1 0.70859375 0.6796875 0.04375 0.071875
1 0.70859375 0.41171875 0.046875 0.0609375
1 0.65 0.38828125 0.0484375 0.0703125
1 0.5828125 0.3640625 0.0453125 0.0609375
1 0.48203125 0.278125 0.040625 0.0515625
1 0.37421875 0.6265625 0.053125 0.0796875
1 0.1265625 0.69375 0.0375 0.0484375
1 0.00234375 0.8328125 0.0046875 0.05