0 0.03046875 0.35 0.0390625 0.0921875
0 0.125 0.25234375 0.0609375 0.103125
0 0.15234375 0.290625 0.059375 0.096875
0 0.2515625 0.175 0.0703125 0.1171875
0 0.32109375 0.17734375 0.0671875 0.1171875
0 0.38828125 0.365625 0.0703125 0.1171875
0 0.39375 0.61484375 0.075 0.1171875
0 0.49296875 0.5390625 0.06875 0.1171875
0 0.475 0.48984375 0.071875 0.1171875
0 0.5484375 0.5375 0.0703125 0.11875
0 0.64609375 0.540625 0.0546875 0.1
0 0.69765625 0.53515625 0.0703125 0.1234375
0 0.67421875 0.47109375 0.0734375 0.1125
0 0.6015625 0.40859375 0.0640625 0.0953125
0 0.6328125 0.40859375 0.0515625 0.0828125
0 0.88125 0.72890625 0.0859375 0.134375
0 0.82890625 0.15703125 0.0359375 0.05625
0 0.74140625 0.15390625 0.0359375 0.05625
1 0.48984375 0.0609375 0.034375 0.04375
0 0.496875 0.10078125 0.0546875 0.0828125
1 0.2828125 0.26484375 0.065625 0.0765625
0 0.29609375 0.2890625 0.0453125 0.0734375
1 0.92890625 0.78671875 0.040625 0.0578125
1 0.76953125 0.615625 0.0578125 0.0859375
1 0.82421875 0.5015625 0.06875 0.0953125
0 0.8203125 0.57265625 0.05625 0.08125
1 0.86796875 0.5421875 0.05 0.0796875
1 0.78125 0.40859375 0.0453125 0.071875
1 0.68671875 0.65703125 0.0484375 0.0625
1 0.621875 0.66015625 0.05 0.071875
1 0.5484375 0.66015625 0.046875 0.0625
1 0.42265625 0.70625 0.0421875 0.053125
1 0.44296875 0.346875 0.053125 0.0796875
1 0.23046875 0.20390625 0.0359375 0.0484375
1 0.1234375 0.01953125 0.028125 0.0390625
1 0.14375 0.03046875 0.0390625 0.05