0 0.38359375 0.559375 0.1046875 0.059375
0 0.4875 0.4921875 0.096875 0.0578125
0 0.51171875 0.43984375 0.09375 0.053125
0 0.5671875 0.29375 0.09375 0.0484375
0 0.621875 0.334375 0.0921875 0.0484375
0 0.5453125 0.34296875 0.078125 0.034375
0 0.4921875 0.984375 0.084375 0.03125
0 0.61796875 0.91796875 0.096875 0.046875
0 0.60234375 0.884375 0.0734375 0.0453125
0 0.6140625 0.63671875 0.0890625 0.0484375
0 0.525 0.52265625 0.096875 0.046875
0 0.65625 0.421875 0.075 0.04375
0 0.76796875 0.7546875 0.0921875 0.0515625
0 0.65546875 0.74609375 0.0609375 0.0296875
0 0.90703125 0.61015625 0.075 0.0390625
0 0.971875 0.27734375 0.040625 0.025
0 0.44609375 0.0609375 0.1140625 0.059375
0 0.74453125 0.82265625 0.09375 0.053125
0 0.6578125 0.3984375 0.071875 0.040625
1 0.64375 0.18203125 0.071875 0.0453125
1 0.515625 0.20390625 0.0703125 0.0421875
1 0.44609375 0.2703125 0.0484375 0.028125
1 0.42421875 0.328125 0.065625 0.0421875
1 0.39921875 0.39921875 0.046875 0.03125
1 0.309375 0.503125 0.0390625 0.0265625
1 0.621875 0.13125 0.0625 0.034375
1 0.71640625 0.2515625 0.0625 0.0328125
1 0.6703125 0.76875 0.0578125 0.05
1 0.7109375 0.83515625 0.040625 0.0234375
1 0.84296875 0.96484375 0.040625 0.021875
1 0.6625 0.9890625 0.0375 0.021875
1 0.84609375 0.984375 0.0453125 0.0171875
1 0.65625 0.58828125 0.065625 0.0390625
1 0.76015625 0.79609375 0.08125 0.040625
1 0.67578125 0.21171875 0.0484375 0.025
0 0.7359375 0.21171875 0.0859375 0.053125
1 0.484375 0.125 0.071875 0.0453125
1 0.24453125 0.29921875 0.046875 0.040625
1 0.08671875 0.68359375 0.0515625 0.0359375
1 0.3796875 0.98046875 0.040625 0.0171875