0 0.41015625 0.59609375 0.06875 0.109375
0 0.5046875 0.5140625 0.0671875 0.1015625
0 0.5609375 0.5046875 0.0625 0.096875
0 0.71640625 0.4921875 0.0578125 0.0984375
0 0.6921875 0.428125 0.05625 0.0953125
0 0.66328125 0.5 0.0421875 0.0796875
0 0.02890625 0.37265625 0.046875 0.0859375
0 0.1296875 0.27109375 0.05625 0.1
0 0.159375 0.2953125 0.053125 0.0765625
0 0.4 0.35234375 0.0578125 0.0921875
0 0.48515625 0.4703125 0.05625 0.1
0 0.61796875 0.371875 0.0515625 0.0796875
0 0.32890625 0.171875 0.059375 0.0953125
0 0.30625 0.28203125 0.0359375 0.0640625
0 0.50625 0.078125 0.046875 0.078125
0 0.84453125 0.10703125 0.0296875 0.04375
0 0.90703125 0.67265625 0.071875 0.1171875
0 0.25703125 0.1765625 0.0625 0.096875
0 0.64140625 0.3765625 0.0484375 0.0765625
1 0.8453125 0.45 0.053125 0.075
1 0.7890625 0.56640625 0.05 0.0734375
1 0.70546875 0.61484375 0.03125 0.0515625
1 0.64453125 0.6203125 0.046875 0.06875
1 0.56875 0.625 0.0359375 0.05
1 0.44375 0.6828125 0.0296875 0.040625
1 0.88828125 0.48515625 0.040625 0.065625
1 0.7984375 0.3609375 0.0390625 0.0640625
1 0.28828125 0.2625 0.0546875 0.0625
1 0.2359375 0.20546875 0.028125 0.04375
1 0.14765625 0.0421875 0.0265625 0.04375
1 0.0734375 0.20859375 0.0265625 0.0390625
1 0.1296875 0.034375 0.021875 0.04375
1 0.4578125 0.32578125 0.04375 0.06875
1 0.28671875 0.16796875 0.0484375 0.084375
1 0.82578125 0.41015625 0.0296875 0.0515625
0 0.8421875 0.353125 0.059375 0.0890625
1 0.85625 0.61796875 0.053125 0.075
1 0.62265625 0.80078125 0.0453125 0.0484375
1 0.9546875 0.76171875 0.0296875 0.046875
1 0.209375 0.84609375 0.040625 0.0546875
1 0.0078125 0.484375 0.015625 0.040625