0 0.8640625 0.30703125 0.271875 0.2453125
0 0.6125 0.14140625 0.2578125 0.2265625
0 0.5 0.078125 0.146875 0.15625
0 0.55390625 0.6796875 0.25625 0.234375
0 0.60546875 0.946875 0.2828125 0.10625
0 0.728125 0.68125 0.159375 0.1515625
0 0.78515625 0.51484375 0.209375 0.16875
0 0.64609375 0.8140625 0.178125 0.1359375
0 0.40703125 0.60859375 0.178125 0.19375
0 0.303125 0.59921875 0.1578125 0.1578125
0 0.37109375 0.45703125 0.0984375 0.0859375
0 0.7578125 0.14140625 0.1203125 0.1046875
0 0.240625 0.71953125 0.1171875 0.1359375
0 0.3234375 0.871875 0.1421875 0.153125
1 0.42734375 0.878125 0.1859375 0.175
1 0.67421875 0.93125 0.1734375 0.1375
1 0.56875 0.81015625 0.0921875 0.0796875
1 0.53203125 0.86015625 0.09375 0.090625
1 0.76640625 0.60546875 0.1796875 0.1671875
1 0.740625 0.44765625 0.178125 0.15625
1 0.88046875 0.4546875 0.159375 0.146875
1 0.93046875 0.3703125 0.1390625 0.128125
1 0.65546875 0.2453125 0.196875 0.203125
1 0.52734375 0.440625 0.125 0.1265625
1 0.48828125 0.50625 0.1203125 0.125
1 0.57265625 0.559375 0.1015625 0.103125
1 0.646875 0.5375 0.109375 0.109375
1 0.678125 0.7390625 0.1234375 0.1109375
1 0.2703125 0.634375 0.146875 0.1578125
1 0.4484375 0.43203125 0.0734375 0.06875