0 0.27109375 0.153125 0.2484375 0.20625
0 0.575 0.13125 0.23125 0.1890625
0 0.7078125 0.1234375 0.121875 0.1578125
0 0.36484375 0.63046875 0.225 0.1984375
0 0.165625 0.90078125 0.271875 0.1953125
0 0.2125 0.54765625 0.140625 0.13125
0 0.24375 0.37421875 0.190625 0.1375
0 0.21953125 0.70390625 0.1640625 0.109375
0 0.5296875 0.63984375 0.1515625 0.1703125
0 0.625 0.68125 0.1375 0.1375
0 0.63359375 0.525 0.0859375 0.071875
0 0.4484375 0.06171875 0.1078125 0.0875
0 0.62109375 0.8171875 0.0984375 0.121875
0 0.47421875 0.91171875 0.121875 0.1375
1 0.3796875 0.86640625 0.1625 0.15
1 0.1375 0.79453125 0.15625 0.115625
1 0.28984375 0.73828125 0.0828125 0.0671875
1 0.296875 0.8 0.0828125 0.078125
1 0.215625 0.46328125 0.159375 0.1421875
1 0.31484375 0.3375 0.1609375 0.1296875
1 0.1890625 0.27578125 0.140625 0.125
1 0.18046875 0.1765625 0.1328125 0.10625
1 0.48671875 0.2015625 0.1703125 0.1765625
1 0.5046875 0.434375 0.10625 0.109375
1 0.5078125 0.5109375 0.103125 0.109375
1 0.4078125 0.515625 0.0890625 0.090625
1 0.35390625 0.46171875 0.09375 0.0953125
1 0.228125 0.6234375 0.109375 0.0921875
1 0.6359375 0.7296875 0.1265625 0.1390625
1 0.578125 0.465625 0.0625 0.059375