1 0.6265625 0.709375 0.159375 0.18125
1 0.67421875 0.84609375 0.134375 0.1609375
1 0.77109375 0.859375 0.1375 0.1515625
1 0.49140625 0.7984375 0.178125 0.1890625
1 0.15 0.83359375 0.1625 0.1828125
1 0.10234375 0.5953125 0.190625 0.2
1 0.465625 0.50234375 0.1203125 0.13125
1 0.5421875 0.5109375 0.1203125 0.1296875
1 0.27265625 0.35078125 0.140625 0.1328125
1 0.51015625 0.66796875 0.1203125 0.125
1 0.459375 0.60703125 0.078125 0.08125
0 0.24375 0.7671875 0.1484375 0.1734375
1 0.23359375 0.70078125 0.1171875 0.1203125
1 0.16484375 0.6859375 0.1125 0.115625
1 0.33515625 0.7671875 0.1109375 0.1234375
0 0.88046875 0.3375 0.1640625 0.1421875
0 0.8578125 0.46953125 0.2125 0.25
0 0.80546875 0.77265625 0.2421875 0.28125
0 0.87578125 0.63125 0.1640625 0.1515625
0 0.58125 0.7734375 0.1546875 0.196875
0 0.34921875 0.63671875 0.2140625 0.23125
0 0.3421875 0.4625 0.1875 0.1671875
0 0.46796875 0.37890625 0.0828125 0.09375
0 0.07890625 0.496875 0.146875 0.1234375
0 0.0796875 0.80078125 0.159375 0.3015625
0 0.41171875 0.78984375 0.1234375 0.1546875
0 0.17109375 0.36328125 0.1375 0.1234375