1 0.684375 0.68671875 0.1359375 0.165625
1 0.759375 0.8140625 0.115625 0.1484375
1 0.85703125 0.81171875 0.1203125 0.1375
1 0.56953125 0.79609375 0.1546875 0.171875
1 0.24296875 0.88359375 0.140625 0.165625
1 0.1484375 0.65625 0.1671875 0.1796875
1 0.4859375 0.50703125 0.1046875 0.11875
1 0.5625 0.50390625 0.1046875 0.1171875
1 0.2671875 0.3875 0.1234375 0.11875
1 0.56328125 0.66484375 0.10625 0.1125
1 0.50078125 0.61171875 0.0703125 0.0734375
0 0.32109375 0.80390625 0.128125 0.159375
1 0.29765625 0.73984375 0.1046875 0.1078125
1 0.22734375 0.7359375 0.0984375 0.1046875
1 0.4109375 0.7890625 0.096875 0.1109375
0 0.86015625 0.2796875 0.1484375 0.1265625
0 0.8640625 0.4140625 0.1828125 0.228125
0 0.87265625 0.72109375 0.2078125 0.25625
0 0.9140625 0.5703125 0.146875 0.1359375
0 0.65390625 0.75625 0.128125 0.1828125
0 0.3984375 0.6578125 0.1875 0.209375
0 0.3578125 0.4875 0.1671875 0.146875
0 0.46484375 0.384375 0.0703125 0.084375
0 0.10703125 0.5625 0.1328125 0.1078125
0 0.1359375 0.86484375 0.1828125 0.2703125
0 0.490625 0.8 0.103125 0.1421875
0 0.1703125 0.41640625 0.1234375 0.109375