0 0.1421875 0.71015625 0.1875 0.234375
0 0.1359375 0.40546875 0.1703125 0.21875
0 0.13515625 0.27265625 0.1484375 0.109375
0 0.6234375 0.64140625 0.18125 0.2125
0 0.8828125 0.85546875 0.175 0.259375
0 0.5328125 0.7890625 0.1203125 0.13125
0 0.36171875 0.74921875 0.121875 0.18125
0 0.6890625 0.790625 0.096875 0.15625
0 0.64140625 0.478125 0.159375 0.1390625
0 0.68828125 0.38515625 0.1296875 0.128125
0 0.53203125 0.36796875 0.0640625 0.08125
0 0.059375 0.52890625 0.078125 0.1015625
0 0.82265625 0.39609375 0.1140625 0.0890625
0 0.909375 0.546875 0.128125 0.1109375
1 0.859375 0.6390625 0.1375 0.153125
1 0.775 0.87734375 0.103125 0.15
1 0.7265625 0.72265625 0.0609375 0.078125
1 0.7890625 0.71796875 0.0734375 0.075
1 0.4484375 0.78203125 0.1296875 0.15
1 0.32734375 0.6765625 0.11875 0.15
1 0.26015625 0.7984375 0.1140625 0.13125
1 0.16015625 0.8015625 0.096875 0.1265625
1 0.2015625 0.49765625 0.1640625 0.15625
1 0.43515625 0.49140625 0.1046875 0.1
1 0.5109375 0.49296875 0.1015625 0.096875
1 0.51171875 0.59296875 0.0828125 0.0796875
1 0.45390625 0.64453125 0.0875 0.0859375
1 0.60859375 0.778125 0.0859375 0.103125
1 0.7359375 0.37578125 0.1296875 0.115625
1 0.46953125 0.4203125 0.053125 0.059375