0 0.175 0.7578125 0.159375 0.215625
0 0.1265625 0.45703125 0.14375 0.2
0 0.10703125 0.32578125 0.1375 0.090625
0 0.6421875 0.62265625 0.15625 0.1921875
0 0.92890625 0.7984375 0.1421875 0.240625
0 0.57265625 0.78203125 0.1046875 0.1171875
0 0.39765625 0.76640625 0.1 0.16875
0 0.72734375 0.76171875 0.0765625 0.146875
0 0.63671875 0.45859375 0.14375 0.1203125
0 0.6703125 0.36015625 0.115625 0.1125
0 0.51328125 0.36484375 0.0546875 0.075
0 0.06796875 0.58984375 0.065625 0.09375
0 0.80546875 0.35234375 0.1046875 0.075
0 0.91171875 0.48984375 0.115625 0.0953125
1 0.875 0.5875 0.11875 0.1375
1 0.825 0.83515625 0.084375 0.1390625
1 0.75546875 0.6890625 0.0515625 0.071875
1 0.81640625 0.67578125 0.0640625 0.0671875
1 0.48828125 0.78671875 0.1125 0.1359375
1 0.35390625 0.6984375 0.1 0.1375
1 0.30390625 0.82890625 0.0984375 0.11875
1 0.20546875 0.84609375 0.08125 0.115625
1 0.20390625 0.5390625 0.146875 0.1375
1 0.434375 0.50078125 0.09375 0.0875
1 0.51015625 0.49140625 0.090625 0.084375
1 0.52421875 0.590625 0.0734375 0.06875
1 0.47421875 0.64921875 0.078125 0.0765625
1 0.64609375 0.76015625 0.0734375 0.09375
1 0.71640625 0.34453125 0.1171875 0.1
1 0.45859375 0.425 0.046875 0.053125