0 0.81875 0.8203125 0.178125 0.240625
0 0.58359375 0.75546875 0.1484375 0.2
0 0.528125 0.9015625 0.1015625 0.140625
0 0.63125 0.60703125 0.121875 0.0984375
0 0.33984375 0.69921875 0.0375 0.0828125
0 0.134375 0.6734375 0.046875 0.0671875
0 0.03671875 0.64609375 0.0484375 0.0484375
0 0.3828125 0.49609375 0.0953125 0.10625
1 0.35 0.8265625 0.1015625 0.096875
1 0.19765625 0.6390625 0.059375 0.09375
1 0.45 0.89296875 0.0828125 0.115625
1 0.70078125 0.9265625 0.11875 0.146875
1 0.70703125 0.81875 0.090625 0.075
1 0.128125 0.48828125 0.0453125 0.053125
1 0.07109375 0.67578125 0.0390625 0.05
1 0.15703125 0.51484375 0.04375 0.046875