0 0.75078125 0.86953125 0.2203125 0.2609375
0 0.53359375 0.76640625 0.184375 0.225
0 0.45078125 0.89921875 0.125 0.1578125
0 0.60859375 0.63046875 0.1390625 0.1203125
0 0.3046875 0.66484375 0.053125 0.0890625
0 0.1078125 0.60078125 0.059375 0.0734375
0 0.02265625 0.5546875 0.0453125 0.05625
0 0.3859375 0.4734375 0.1140625 0.121875
1 0.290625 0.7921875 0.1171875 0.1140625
1 0.1765625 0.57890625 0.0765625 0.103125
1 0.37578125 0.8765625 0.103125 0.1296875
1 0.61484375 0.93671875 0.1453125 0.1265625
1 0.6421875 0.85234375 0.103125 0.090625
1 0.1375 0.4171875 0.053125 0.0609375
1 0.0453125 0.590625 0.0484375 0.05625
1 0.16015625 0.44921875 0.0515625 0.0546875