0 0.86953125 0.24765625 0.2609375 0.2203125
0 0.76640625 0.46640625 0.225 0.1828125
0 0.89921875 0.54921875 0.1578125 0.128125
0 0.63046875 0.39140625 0.11875 0.1375
0 0.66484375 0.6953125 0.0875 0.0515625
0 0.60078125 0.8921875 0.0765625 0.059375
0 0.5546875 0.97734375 0.05625 0.0453125
0 0.4734375 0.6140625 0.121875 0.1140625
1 0.7921875 0.709375 0.1140625 0.1171875
1 0.57890625 0.8234375 0.103125 0.0765625
1 0.8765625 0.62421875 0.1296875 0.1015625
1 0.93671875 0.38359375 0.1265625 0.1453125
1 0.85234375 0.3578125 0.090625 0.103125
1 0.4171875 0.8625 0.0609375 0.0546875
1 0.590625 0.9546875 0.05625 0.05
1 0.44921875 0.83984375 0.0546875 0.0515625