0 0.85546875 0.22109375 0.2140625 0.265625
0 0.6140625 0.25625 0.1765625 0.221875
0 0.5765625 0.1046875 0.125 0.1546875
0 0.64296875 0.41015625 0.1359375 0.1140625
0 0.36484375 0.2828125 0.05 0.0875
0 0.1578125 0.28359375 0.0578125 0.0765625
0 0.0578125 0.2984375 0.05625 0.05625
0 0.38359375 0.48984375 0.1109375 0.1203125
1 0.390625 0.15703125 0.1140625 0.1109375
1 0.2171875 0.325 0.0734375 0.103125
1 0.4984375 0.10390625 0.0984375 0.128125
1 0.75078125 0.10078125 0.140625 0.165625
1 0.74453125 0.20859375 0.1015625 0.0890625
1 0.1296875 0.46640625 0.053125 0.0609375
1 0.09609375 0.2734375 0.0484375 0.05625
1 0.16171875 0.44375 0.0515625 0.0546875