0 0.83046875 0.1984375 0.2890625 0.2546875
0 0.759375 0.4296875 0.2484375 0.2125
0 0.90234375 0.49296875 0.1734375 0.1484375
0 0.6140625 0.37421875 0.1375 0.153125
0 0.690625 0.6703125 0.09375 0.0640625
0 0.6546875 0.87421875 0.084375 0.06875
0 0.6203125 0.96484375 0.0625 0.053125
0 0.48984375 0.61640625 0.1359375 0.13125
1 0.81875 0.66640625 0.1296875 0.1328125
1 0.6234375 0.809375 0.1125 0.090625
1 0.88984375 0.5703125 0.1421875 0.11875
1 0.91640625 0.32421875 0.1453125 0.1609375
1 0.82890625 0.31015625 0.1046875 0.1140625
1 0.46875 0.8703125 0.0671875 0.0640625
1 0.653125 0.9375 0.0625 0.0578125
1 0.496875 0.84375 0.0609375 0.059375