0 0.609375 0.84453125 0.1359375 0.2515625
0 0.8765625 0.7171875 0.14375 0.3015625
0 0.64140625 0.678125 0.1046875 0.153125
0 0.85234375 0.34609375 0.1 0.3046875
0 0.4890625 0.64296875 0.0765625 0.13125
0 0.53046875 0.5625 0.0375 0.078125
0 0.7546875 0.69765625 0.134375 0.253125
0 0.946875 0.52578125 0.1046875 0.21875
1 0.35 0.08984375 0.115625 0.1796875
1 0.5859375 0.12578125 0.0890625 0.1390625
1 0.6515625 0.20390625 0.103125 0.1765625
1 0.86875 0.1453125 0.090625 0.1359375
1 0.8125 0.103125 0.125 0.15625
1 0.91171875 0.37578125 0.1140625 0.2359375
1 0.15234375 0.85234375 0.0828125 0.128125
1 0.43203125 0.92578125 0.0703125 0.1390625
1 0.39609375 0.871875 0.0484375 0.08125
1 0.321875 0.74296875 0.075 0.125
1 0.23984375 0.66171875 0.0546875 0.05625
1 0.25546875 0.46328125 0.0484375 0.078125
1 0.48671875 0.334375 0.128125 0.1625
1 0.58125 0.5 0.078125 0.125
1 0.42890625 0.80390625 0.06875 0.1203125
1 0.3109375 0.84609375 0.05 0.0703125
1 0.2640625 0.80546875 0.05625 0.0953125
1 0.33046875 0.35 0.0359375 0.040625
1 0.28203125 0.559375 0.0671875 0.1
1 0.29453125 0.61328125 0.0546875 0.0796875
1 0.36875 0.95625 0.05625 0.0703125
1 0.31484375 0.94453125 0.0609375 0.08125
1 0.11328125 0.92421875 0.046875 0.065625
1 0.06796875 0.9171875 0.0453125 0.05625