0 0.8328125 0.81796875 0.246875 0.359375
0 0.7234375 0.76484375 0.2015625 0.3140625
0 0.54765625 0.87109375 0.2078125 0.2578125
0 0.621875 0.71171875 0.1671875 0.2046875
0 0.46875 0.6515625 0.11875 0.1625
1 0.4125 0.89140625 0.1421875 0.215625
0 0.88515625 0.43984375 0.175 0.3046875
1 0.82109375 0.29609375 0.20625 0.25625
0 0.909375 0.621875 0.18125 0.20625
1 0.52265625 0.34921875 0.190625 0.2265625
1 0.44453125 0.1015625 0.1828125 0.203125
1 0.2828125 0.528125 0.096875 0.1359375
1 0.2765625 0.42421875 0.0796875 0.1046875
1 0.10546875 0.78828125 0.1234375 0.153125
1 0.2859375 0.71171875 0.1109375 0.14375
1 0.2625 0.821875 0.0796875 0.1140625
1 0.359375 0.91796875 0.115625 0.1390625
1 0.490625 0.921875 0.10625 0.15625
1 0.91640625 0.5046875 0.1671875 0.290625
1 0.9 0.203125 0.1828125 0.1859375
1 0.93125 0.2609375 0.0984375 0.1578125
1 0.65859375 0.17265625 0.13125 0.165625
1 0.70703125 0.26640625 0.153125 0.209375
1 0.56953125 0.54375 0.0953125 0.140625