0 0.64453125 0.83125 0.1109375 0.2390625
0 0.896875 0.6765625 0.1140625 0.2921875
0 0.659375 0.6625 0.090625 0.1453125
0 0.834375 0.31015625 0.06875 0.2984375
0 0.50390625 0.64296875 0.0640625 0.125
0 0.53671875 0.55859375 0.0296875 0.075
0 0.77421875 0.6703125 0.1109375 0.24375
0 0.946875 0.47890625 0.0828125 0.2109375
1 0.30703125 0.096875 0.0953125 0.19375
1 0.54609375 0.11875 0.075 0.1328125
1 0.61953125 0.18984375 0.0859375 0.16875
1 0.8296875 0.10859375 0.078125 0.128125
1 0.76953125 0.07265625 0.1109375 0.1453125
1 0.896875 0.33359375 0.090625 0.228125
1 0.19140625 0.88671875 0.0703125 0.121875
1 0.4765625 0.93046875 0.05625 0.134375
1 0.43515625 0.88046875 0.040625 0.078125
1 0.3484375 0.76015625 0.0625 0.11875
1 0.2578125 0.68828125 0.0515625 0.0515625
1 0.253125 0.4890625 0.0421875 0.075
1 0.46953125 0.33671875 0.1125 0.1515625
1 0.58046875 0.49140625 0.065625 0.1203125
1 0.4609375 0.809375 0.05625 0.1171875
1 0.3484375 0.8640625 0.04375 0.0671875
1 0.296875 0.828125 0.046875 0.090625
1 0.315625 0.36875 0.0328125 0.0375
1 0.28984375 0.58203125 0.0578125 0.0953125
1 0.3078125 0.634375 0.046875 0.075
1 0.4171875 0.9671875 0.05 0.065625
1 0.3625 0.96171875 0.053125 0.0765625
1 0.159375 0.9625 0.040625 0.0609375
1 0.1140625 0.96015625 0.040625 0.0515625