0 0.678125 0.1859375 0.14375 0.25625
0 0.91328125 0.36640625 0.1546875 0.30625
0 0.67578125 0.3546875 0.109375 0.1546875
0 0.8125 0.7234375 0.109375 0.30625
0 0.51875 0.35859375 0.0796875 0.1328125
0 0.54296875 0.4453125 0.0390625 0.078125
0 0.790625 0.35859375 0.1421875 0.25625
0 0.9421875 0.56796875 0.1109375 0.2203125
1 0.265625 0.88046875 0.121875 0.20625
1 0.50625 0.884375 0.09375 0.1390625
1 0.5859375 0.82109375 0.109375 0.1796875
1 0.7875 0.92421875 0.096875 0.1375
1 0.7234375 0.93515625 0.1296875 0.1234375
1 0.87734375 0.70703125 0.1203125 0.2390625
1 0.23359375 0.08359375 0.0859375 0.13125
1 0.5203125 0.0703125 0.075 0.140625
1 0.475 0.11484375 0.0515625 0.084375
1 0.3765625 0.22578125 0.078125 0.1265625
1 0.27890625 0.2875 0.0578125 0.059375
1 0.25390625 0.48515625 0.0515625 0.08125
1 0.453125 0.659375 0.1328125 0.165625
1 0.57890625 0.51640625 0.08125 0.128125
1 0.49375 0.18828125 0.071875 0.1234375
1 0.3875 0.121875 0.0515625 0.071875
1 0.33203125 0.15234375 0.059375 0.096875
1 0.30234375 0.6109375 0.0375 0.040625
1 0.3 0.39609375 0.0703125 0.1015625
1 0.3234375 0.34609375 0.0578125 0.08125
1 0.46640625 0.03203125 0.059375 0.0640625
1 0.4109375 0.03515625 0.0640625 0.06875
1 0.209375 0.02109375 0.0484375 0.034375
1 0.16328125 0.01796875 0.046875 0.0265625