0 0.8640625 0.68359375 0.178125 0.328125
0 0.74609375 0.6640625 0.140625 0.2890625
0 0.59453125 0.83671875 0.1515625 0.2765625
0 0.63515625 0.640625 0.128125 0.1796875
0 0.47421875 0.6265625 0.0875 0.146875
1 0.4625 0.871875 0.103125 0.2
0 0.84609375 0.3046875 0.1125 0.2890625
1 0.7578125 0.18515625 0.1578125 0.228125
0 0.9125 0.47265625 0.1609375 0.178125
1 0.4734375 0.31953125 0.15 0.2
1 0.34765625 0.09765625 0.1390625 0.1953125
1 0.26875 0.56015625 0.071875 0.1234375
1 0.24453125 0.46171875 0.059375 0.09375
1 0.13984375 0.859375 0.09375 0.134375
1 0.3046875 0.7359375 0.0828125 0.128125
1 0.3 0.8484375 0.0578125 0.1046875
1 0.4140625 0.91953125 0.090625 0.1359375
1 0.5453125 0.88984375 0.071875 0.1609375
1 0.90625 0.35390625 0.1421875 0.2640625
1 0.81796875 0.07734375 0.153125 0.146875
1 0.8609375 0.1203125 0.06875 0.1484375
1 0.57578125 0.11171875 0.1015625 0.1484375
1 0.640625 0.18828125 0.1140625 0.1890625
1 0.55390625 0.49453125 0.06875 0.1265625