0 0.66484375 0.26640625 0.228125 0.228125
0 0.30859375 0.21328125 0.2359375 0.2484375
0 0.54921875 0.584375 0.1875 0.1984375
0 0.746875 0.52265625 0.1875 0.215625
0 0.4828125 0.5 0.1734375 0.159375
0 0.90625 0.4421875 0.1421875 0.140625
1 0.096875 0.67578125 0.14375 0.134375
1 0.16484375 0.2515625 0.1375 0.153125
1 0.13671875 0.21171875 0.190625 0.2140625
1 0.52734375 0.296875 0.1421875 0.1484375
1 0.58203125 0.21796875 0.090625 0.0890625
1 0.42578125 0.315625 0.1640625 0.175
1 0.9578125 0.22890625 0.084375 0.1359375
1 0.8796875 0.53984375 0.096875 0.1125
1 0.78125 0.746875 0.19375 0.178125
1 0.653125 0.6875 0.1140625 0.125
1 0.428125 0.63515625 0.1390625 0.1359375
1 0.37421875 0.5546875 0.140625 0.1359375
1 0.27734375 0.615625 0.1078125 0.115625
1 0.1390625 0.80390625 0.109375 0.0921875
1 0.02109375 0.73828125 0.0421875 0.0953125
1 0.03203125 0.63046875 0.0640625 0.0953125
1 0.578125 0.7015625 0.08125 0.1015625
1 0.9484375 0.52421875 0.0703125 0.0734375
1 0.6390625 0.54609375 0.15625 0.1515625
1 0.16953125 0.56484375 0.1703125 0.1578125