0 0.5609375 0.2203125 0.2359375 0.2359375
0 0.21171875 0.3109375 0.2453125 0.25625
0 0.578125 0.5578125 0.19375 0.2046875
0 0.7359375 0.425 0.1953125 0.221875
0 0.48359375 0.50703125 0.1796875 0.165625
0 0.8515625 0.28828125 0.146875 0.1453125
1 0.19765625 0.81953125 0.1484375 0.1390625
1 0.09375 0.40234375 0.1421875 0.15625
1 0.07578125 0.37578125 0.1515625 0.2203125
1 0.4453125 0.30234375 0.1484375 0.153125
1 0.465625 0.2078125 0.09375 0.0921875
1 0.359375 0.359375 0.1703125 0.18125
1 0.83203125 0.06796875 0.1234375 0.1359375
1 0.865625 0.38828125 0.1015625 0.115625
1 0.85546875 0.61796875 0.2 0.1859375
1 0.7140625 0.6125 0.11875 0.128125
1 0.4859375 0.65234375 0.14375 0.140625
1 0.40625 0.59921875 0.1453125 0.1421875
1 0.33984375 0.69296875 0.1125 0.1203125
1 0.28671875 0.9203125 0.1109375 0.096875
1 0.14140625 0.9109375 0.06875 0.096875
1 0.11328125 0.80703125 0.084375 0.096875
1 0.65078125 0.65546875 0.084375 0.1046875
1 0.92265625 0.346875 0.071875 0.075
1 0.64609375 0.4875 0.1609375 0.15625
1 0.22109375 0.68828125 0.1765625 0.1640625