0 0.74453125 0.3515625 0.1875 0.1859375
0 0.77265625 0.7109375 0.20625 0.1875
0 0.41953125 0.44453125 0.165625 0.15
0 0.49453125 0.25234375 0.184375 0.146875
0 0.4984375 0.5171875 0.125 0.14375
0 0.5859375 0.09921875 0.1125 0.115625
1 0.296875 0.88984375 0.10625 0.1203125
1 0.725 0.8515625 0.128125 0.10625
1 0.76328125 0.8828125 0.18125 0.15
1 0.7046875 0.4875 0.1234375 0.1125
1 0.7875 0.4375 0.071875 0.0734375
1 0.67890625 0.5875 0.14375 0.13125
1 0.80234375 0.046875 0.115625 0.084375
1 0.48671875 0.11796875 0.096875 0.075
1 0.2734375 0.20234375 0.1421875 0.1625
1 0.32421875 0.33359375 0.103125 0.090625
1 0.36015625 0.5625 0.1109375 0.1125
1 0.43671875 0.62109375 0.1109375 0.115625
1 0.36953125 0.7140625 0.096875 0.0859375
1 0.171875 0.83828125 0.0703125 0.0953125
1 0.228125 0.97265625 0.084375 0.04375
1 0.3359375 0.965625 0.08125 0.0625
1 0.30390625 0.40859375 0.090625 0.059375
1 0.50703125 0.05078125 0.0625 0.05625
1 0.4640625 0.3578125 0.1203125 0.128125
1 0.4125 0.825 0.1265625 0.1421875