0 0.6265625 0.75625 0.19375 0.1953125
0 0.26640625 0.753125 0.1984375 0.215625
0 0.5625 0.425 0.15625 0.1703125
0 0.746875 0.51640625 0.1578125 0.1890625
0 0.4828125 0.496875 0.15 0.1328125
0 0.89140625 0.6203125 0.121875 0.11875
1 0.1296875 0.26328125 0.125 0.1125
1 0.13046875 0.69375 0.1140625 0.1328125
1 0.09609375 0.728125 0.1578125 0.1875
1 0.49453125 0.7046875 0.11875 0.128125
1 0.5375 0.7921875 0.078125 0.075
1 0.396875 0.6703125 0.1375 0.1515625
1 0.92734375 0.840625 0.0984375 0.1203125
1 0.88203125 0.5203125 0.08125 0.1
1 0.81640625 0.3 0.1671875 0.1484375
1 0.68125 0.3390625 0.0953125 0.1078125
1 0.45 0.35546875 0.11875 0.115625
1 0.38515625 0.4265625 0.121875 0.1171875
1 0.2984375 0.3515625 0.0921875 0.1
1 0.19140625 0.14375 0.0984375 0.075
1 0.053125 0.18828125 0.0484375 0.0875
1 0.05078125 0.29609375 0.06875 0.0828125
1 0.6078125 0.3125 0.065625 0.09375
1 0.946875 0.54609375 0.0578125 0.065625
1 0.64453125 0.4765625 0.134375 0.1265625
1 0.18359375 0.384375 0.1484375 0.13125