0 0.60390625 0.23359375 0.2078125 0.2078125
0 0.24453125 0.26796875 0.2125 0.228125
0 0.56875 0.56953125 0.16875 0.1796875
0 0.74453125 0.4625 0.1703125 0.1984375
0 0.48359375 0.5046875 0.159375 0.14375
0 0.8796875 0.34609375 0.1296875 0.1265625
1 0.1515625 0.76796875 0.1328125 0.121875
1 0.11484375 0.33984375 0.1234375 0.140625
1 0.08125 0.30703125 0.1625 0.1984375
1 0.4765625 0.29609375 0.128125 0.1359375
1 0.51171875 0.20625 0.0828125 0.0796875
1 0.3828125 0.3390625 0.146875 0.1609375
1 0.89609375 0.1234375 0.1078125 0.1265625
1 0.87890625 0.446875 0.0890625 0.1046875
1 0.8328125 0.67109375 0.178125 0.1609375
1 0.69453125 0.64453125 0.103125 0.1140625
1 0.4625 0.6484375 0.1265625 0.1234375
1 0.39140625 0.58359375 0.1296875 0.125
1 0.31171875 0.665625 0.0984375 0.10625
1 0.22421875 0.88203125 0.103125 0.0828125
1 0.08203125 0.85 0.0546875 0.090625
1 0.0703125 0.7421875 0.075 0.0875
1 0.62421875 0.67734375 0.071875 0.0984375
1 0.94140625 0.41484375 0.0625 0.06875
1 0.64609375 0.5109375 0.14375 0.1359375
1 0.1953125 0.64296875 0.15625 0.1421875