0 0.09375 0.853125 0.0609375 0.121875
0 0.1859375 0.71015625 0.0453125 0.0734375
0 0.2890625 0.83203125 0.046875 0.1015625
0 0.3375 0.8484375 0.046875 0.0890625
0 0.2703125 0.7078125 0.0421875 0.0671875
0 0.384375 0.70078125 0.0375 0.071875
0 0.4109375 0.73359375 0.03125 0.0828125
0 0.43203125 0.765625 0.0328125 0.078125
0 0.37265625 0.76640625 0.0359375 0.078125
0 0.33046875 0.5546875 0.0484375 0.071875
0 0.45078125 0.63984375 0.0390625 0.0703125
0 0.50625 0.71875 0.0390625 0.08125
0 0.5390625 0.77734375 0.0265625 0.059375
0 0.50859375 0.8046875 0.0375 0.0734375
0 0.571875 0.76328125 0.0390625 0.0828125
0 0.6171875 0.7578125 0.0359375 0.0734375
0 0.653125 0.79453125 0.0390625 0.0734375
0 0.671875 0.79296875 0.028125 0.090625
0 0.69765625 0.67578125 0.0328125 0.053125
0 0.73828125 0.73125 0.028125 0.0546875
0 0.69921875 0.81484375 0.028125 0.0703125
0 0.9640625 0.80390625 0.0234375 0.04375
0 0.9828125 0.75703125 0.025 0.04375
0 0.9140625 0.6703125 0.0109375 0.028125
0 0.93359375 0.68125 0.0125 0.0375
0 0.5203125 0.58125 0.0453125 0.0671875
1 0.2296875 0.6984375 0.0390625 0.0578125
1 0.23828125 0.81484375 0.053125 0.1015625
1 0.34765625 0.5859375 0.04375 0.09375
1 0.47578125 0.828125 0.034375 0.0734375
1 0.5921875 0.74140625 0.0265625 0.0421875
1 0.5453125 0.5984375 0.025 0.0546875
1 0.640625 0.45 0.025 0.05
1 0.71484375 0.74609375 0.0171875 0.03125
1 0.73515625 0.80703125 0.01875 0.046875
1 0.8828125 0.71875 0.0265625 0.046875
1 0.96328125 0.84765625 0.025 0.0328125
1 0.95234375 0.68984375 0.0171875 0.0328125
0 0.86484375 0.74765625 0.0265625 0.046875
0 0.86328125 0.76484375 0.0328125 0.046875