0 0.2390625 0.03515625 0.13125 0.0703125
0 0.359375 0.14921875 0.0796875 0.059375
0 0.21875 0.225 0.109375 0.0671875
0 0.19296875 0.26875 0.0953125 0.0640625
0 0.34453125 0.23203125 0.075 0.0546875
0 0.32734375 0.3453125 0.078125 0.0515625
0 0.28984375 0.3640625 0.0890625 0.0484375
0 0.2546875 0.378125 0.0828125 0.046875
0 0.265625 0.3203125 0.084375 0.0515625
0 0.48203125 0.32265625 0.0796875 0.0625
0 0.3734375 0.42265625 0.075 0.053125
0 0.284375 0.4609375 0.0875 0.0546875
0 0.2203125 0.48046875 0.0625 0.0375
0 0.2 0.4453125 0.078125 0.0515625
0 0.22734375 0.515625 0.0890625 0.0546875
0 0.2234375 0.5609375 0.078125 0.0484375
0 0.1796875 0.58828125 0.078125 0.053125
0 0.17734375 0.60703125 0.09375 0.046875
0 0.28671875 0.65703125 0.059375 0.04375
0 0.22421875 0.68515625 0.0578125 0.0390625
0 0.15078125 0.6296875 0.0734375 0.0421875
0 0.10625 0.890625 0.0484375 0.03125
0 0.1484375 0.91875 0.0484375 0.0328125
0 0.24765625 0.86953125 0.0296875 0.0171875
0 0.2328125 0.88671875 0.0390625 0.0203125
0 0.41640625 0.503125 0.0734375 0.0578125
1 0.36171875 0.19453125 0.0640625 0.0484375
1 0.24609375 0.17890625 0.1109375 0.0734375
1 0.44765625 0.3328125 0.1015625 0.0625
1 0.184375 0.4078125 0.0796875 0.0484375
1 0.24453125 0.53984375 0.046875 0.0328125
1 0.39453125 0.52421875 0.0578125 0.0359375
1 0.51953125 0.64765625 0.0546875 0.034375
1 0.21484375 0.65859375 0.034375 0.0234375
1 0.15078125 0.66640625 0.05 0.028125
1 0.20625 0.82890625 0.0515625 0.034375
1 0.06328125 0.88125 0.0359375 0.03125
1 0.2203125 0.903125 0.034375 0.0234375
0 0.18203125 0.80546875 0.0515625 0.0359375
0 0.165625 0.8 0.053125 0.040625