0 0.23046875 0.0375 0.1328125 0.075
0 0.35390625 0.1515625 0.0796875 0.059375
0 0.2140625 0.2296875 0.109375 0.065625
0 0.1890625 0.27421875 0.096875 0.0640625
0 0.33984375 0.234375 0.075 0.053125
0 0.325 0.3484375 0.078125 0.05
0 0.2875 0.36796875 0.0890625 0.046875
0 0.25234375 0.3828125 0.0828125 0.0453125
0 0.2625 0.32421875 0.0828125 0.05
0 0.47890625 0.3234375 0.0796875 0.0625
0 0.371875 0.425 0.075 0.0515625
0 0.284375 0.4640625 0.0875 0.0546875
0 0.2203125 0.4859375 0.0625 0.0359375
0 0.19921875 0.45 0.078125 0.05
0 0.22734375 0.5203125 0.0890625 0.0546875
0 0.22421875 0.565625 0.0765625 0.0484375
0 0.18203125 0.59375 0.078125 0.053125
0 0.1796875 0.6125 0.09375 0.0453125
0 0.28984375 0.66015625 0.0578125 0.04375
0 0.22734375 0.68984375 0.0578125 0.0390625
0 0.153125 0.6359375 0.0734375 0.0421875
0 0.11328125 0.89765625 0.046875 0.03125
0 0.15546875 0.925 0.046875 0.0328125
0 0.25390625 0.87421875 0.0296875 0.015625
0 0.2390625 0.89140625 0.0390625 0.01875
0 0.41640625 0.5046875 0.0734375 0.0578125
1 0.35703125 0.196875 0.0625 0.0484375
1 0.240625 0.1828125 0.1109375 0.0703125
1 0.44453125 0.33359375 0.1 0.0609375
1 0.1828125 0.4140625 0.078125 0.046875
1 0.2453125 0.54453125 0.0453125 0.03125
1 0.39453125 0.52578125 0.05625 0.034375
1 0.52265625 0.64765625 0.053125 0.034375
1 0.2171875 0.66328125 0.034375 0.021875
1 0.15390625 0.671875 0.05 0.0296875
1 0.21171875 0.83359375 0.05 0.034375
1 0.0703125 0.88828125 0.034375 0.0296875
1 0.22734375 0.9078125 0.034375 0.021875
0 0.1875 0.8109375 0.0515625 0.0359375
0 0.17109375 0.80625 0.0515625 0.040625