0 0.33203125 0.9796875 0.1421875 0.040625
0 0.42890625 0.87109375 0.090625 0.0734375
0 0.2765625 0.8234375 0.1203125 0.0875
0 0.24296875 0.7859375 0.10625 0.0796875
0 0.3984375 0.79296875 0.084375 0.06875
0 0.36015625 0.68515625 0.0859375 0.065625
0 0.31953125 0.6734375 0.096875 0.0640625
0 0.2828125 0.66640625 0.090625 0.0625
0 0.30390625 0.72109375 0.0921875 0.0671875
0 0.51640625 0.67734375 0.090625 0.0765625
0 0.390625 0.6 0.084375 0.0671875
0 0.29609375 0.5796875 0.096875 0.0703125
0 0.22890625 0.57265625 0.06875 0.0484375
0 0.215625 0.6109375 0.0859375 0.065625
0 0.2296875 0.53671875 0.0984375 0.071875
0 0.2171875 0.49296875 0.0859375 0.0609375
0 0.16875 0.47421875 0.0875 0.0671875
0 0.1625 0.45625 0.1015625 0.0640625
0 0.2609375 0.38671875 0.0671875 0.0546875
0 0.19375 0.37109375 0.0640625 0.05
0 0.1328125 0.4390625 0.0796875 0.0546875
0 0.0390625 0.19140625 0.0546875 0.040625
0 0.075 0.15625 0.053125 0.040625
0 0.18203125 0.18515625 0.0328125 0.021875
0 0.1640625 0.17109375 0.04375 0.028125
0 0.4171875 0.5125 0.0828125 0.0703125
1 0.42265625 0.8265625 0.071875 0.059375
1 0.31171875 0.86328125 0.1234375 0.09375
1 0.48046875 0.67421875 0.1109375 0.08125
1 0.2078125 0.65078125 0.0875 0.0625
1 0.24140625 0.509375 0.0515625 0.040625
1 0.3921875 0.49609375 0.0640625 0.046875
1 0.490625 0.3515625 0.0609375 0.04375
1 0.18984375 0.3984375 0.0375 0.0296875
1 0.12578125 0.403125 0.0546875 0.0375
1 0.14921875 0.2328125 0.05625 0.04375
1 0.009375 0.209375 0.01875 0.0375
1 0.1484375 0.1578125 0.0390625 0.0296875
0 0.1296875 0.2609375 0.0578125 0.0453125
0 0.11484375 0.26953125 0.059375 0.05