0 0.1125 0.12578125 0.06875 0.125
0 0.19765625 0.2734375 0.05 0.075
0 0.30703125 0.15703125 0.0515625 0.103125
0 0.35625 0.14375 0.0515625 0.0921875
0 0.28125 0.28046875 0.0453125 0.06875
0 0.3953125 0.29375 0.040625 0.0734375
0 0.4234375 0.26171875 0.0359375 0.084375
0 0.44609375 0.23125 0.0375 0.0796875
0 0.38671875 0.22734375 0.040625 0.0796875
0 0.33359375 0.43671875 0.0515625 0.075
0 0.4578125 0.3578125 0.0421875 0.071875
0 0.51796875 0.28203125 0.0421875 0.0828125
0 0.55390625 0.225 0.0296875 0.0609375
0 0.52421875 0.19609375 0.040625 0.075
0 0.5859375 0.240625 0.0421875 0.084375
0 0.63046875 0.2484375 0.0390625 0.075
0 0.66796875 0.2140625 0.0421875 0.075
0 0.68671875 0.21640625 0.0328125 0.0921875
0 0.70625 0.33515625 0.0359375 0.0546875
0 0.75 0.28125 0.03125 0.05625
0 0.715625 0.19609375 0.03125 0.071875
0 0.9796875 0.22109375 0.025 0.0453125
0 0.990625 0.26796875 0.01875 0.0453125
0 0.92265625 0.3515625 0.0109375 0.028125
0 0.9421875 0.34140625 0.0140625 0.0375
0 0.52421875 0.4203125 0.05 0.0703125
1 0.240625 0.2875 0.0421875 0.0609375
1 0.25546875 0.171875 0.0578125 0.1046875
1 0.35234375 0.40625 0.0484375 0.0953125
1 0.49296875 0.17109375 0.0375 0.0765625
1 0.6046875 0.2640625 0.0296875 0.04375
1 0.55078125 0.40390625 0.028125 0.0546875
1 0.6375 0.55703125 0.028125 0.0515625
1 0.72734375 0.265625 0.01875 0.0328125
1 0.75078125 0.20546875 0.021875 0.0484375
1 0.89375 0.3015625 0.0296875 0.0484375
1 0.98046875 0.17734375 0.0265625 0.034375
1 0.96171875 0.334375 0.01875 0.034375
0 0.87734375 0.271875 0.0296875 0.0484375
0 0.8765625 0.2546875 0.0359375 0.0484375