0 0.034375 0.75234375 0.06875 0.1328125
0 0.146875 0.634375 0.0609375 0.08125
0 0.21953125 0.77578125 0.06875 0.109375
0 0.26328125 0.803125 0.065625 0.0984375
0 0.2296875 0.65078125 0.0546875 0.0734375
0 0.3421875 0.66953125 0.053125 0.078125
0 0.3609375 0.7078125 0.0484375 0.0875
0 0.37421875 0.74375 0.05 0.0828125
0 0.315625 0.73125 0.053125 0.084375
0 0.32265625 0.51484375 0.0640625 0.08125
0 0.4203125 0.625 0.053125 0.0765625
0 0.45703125 0.71484375 0.05625 0.0875
0 0.47578125 0.77890625 0.040625 0.0640625
0 0.43984375 0.7984375 0.053125 0.0796875
0 0.5109375 0.77265625 0.05625 0.0890625
0 0.55625 0.77734375 0.05 0.078125
0 0.5828125 0.82109375 0.053125 0.0796875
0 0.6015625 0.82421875 0.0484375 0.0953125
0 0.653125 0.715625 0.04375 0.059375
0 0.68046875 0.77890625 0.040625 0.0609375
0 0.6234375 0.8515625 0.04375 0.075
0 0.88359375 0.90078125 0.03125 0.0484375
0 0.9125 0.859375 0.034375 0.0484375
0 0.86484375 0.759375 0.015625 0.0296875
0 0.88203125 0.77421875 0.0203125 0.0390625
0 0.5015625 0.58359375 0.0609375 0.0765625
1 0.1921875 0.6328125 0.0515625 0.065625
1 0.17421875 0.74765625 0.075 0.1109375
1 0.33203125 0.54921875 0.0640625 0.1015625
1 0.40234375 0.8140625 0.05 0.0796875
1 0.53515625 0.75625 0.0359375 0.046875
1 0.521875 0.60625 0.0359375 0.0578125
1 0.6484375 0.4828125 0.0359375 0.0546875
1 0.65390625 0.78828125 0.0234375 0.034375
1 0.66015625 0.85234375 0.028125 0.05
1 0.8234375 0.79921875 0.0375 0.0515625
1 0.8734375 0.94296875 0.03125 0.0375
1 0.89765625 0.78671875 0.0234375 0.0359375
0 0.8 0.8234375 0.0359375 0.0515625
0 0.79453125 0.83984375 0.0421875 0.053125