0 0.14140625 0.89453125 0.14375 0.0984375
0 0.284375 0.81015625 0.0921875 0.0765625
0 0.1640625 0.7046875 0.121875 0.090625
0 0.1484375 0.65625 0.1078125 0.0828125
0 0.28828125 0.72578125 0.0859375 0.0703125
0 0.296875 0.61171875 0.0875 0.06875
0 0.26484375 0.58515625 0.096875 0.0671875
0 0.23359375 0.56328125 0.0921875 0.0640625
0 0.23125 0.62265625 0.09375 0.0703125
0 0.44296875 0.66875 0.0921875 0.078125
0 0.359375 0.546875 0.084375 0.06875
0 0.28125 0.48984375 0.096875 0.071875
0 0.2234375 0.45625 0.06875 0.05
0 0.1953125 0.4859375 0.0875 0.06875
0 0.2375 0.4234375 0.1 0.0734375
0 0.24453125 0.378125 0.0875 0.0640625
0 0.2078125 0.3421875 0.0875 0.06875
0 0.209375 0.3234375 0.1015625 0.0671875
0 0.32734375 0.29921875 0.0671875 0.05625
0 0.27265625 0.2578125 0.065625 0.0515625
0 0.1890625 0.2953125 0.08125 0.05625
0 0.20390625 0.03046875 0.0546875 0.0421875
0 0.2515625 0.0171875 0.053125 0.034375
0 0.3375 0.0828125 0.0328125 0.0234375
0 0.3265625 0.06328125 0.04375 0.028125
0 0.41953125 0.478125 0.084375 0.071875
1 0.296875 0.76640625 0.0734375 0.0609375
1 0.18046875 0.75546875 0.125 0.096875
1 0.41171875 0.65078125 0.1125 0.084375
1 0.171875 0.51875 0.0890625 0.0640625
1 0.26015625 0.40390625 0.053125 0.0421875
1 0.40234375 0.45234375 0.0640625 0.0484375
1 0.55234375 0.36015625 0.0609375 0.0453125
1 0.2578125 0.28125 0.0390625 0.03125
1 0.196875 0.259375 0.0546875 0.0390625
1 0.2875 0.11328125 0.0578125 0.0453125
1 0.16015625 0.03046875 0.0421875 0.0390625
1 0.31796875 0.04453125 0.0390625 0.03125
0 0.25859375 0.13046875 0.0578125 0.046875
0 0.24140625 0.1328125 0.0609375 0.0515625