0 0.68046875 0.89921875 0.1171875 0.175
0 0.821875 0.9421875 0.125 0.115625
0 0.75390625 0.58828125 0.090625 0.1359375
0 0.60234375 0.49453125 0.0875 0.11875
0 0.471875 0.4 0.071875 0.1015625
0 0.51015625 0.5515625 0.0625 0.1015625
0 0.434375 0.7203125 0.0765625 0.109375
0 0.4203125 0.640625 0.065625 0.103125
0 0.3890625 0.5671875 0.059375 0.0953125
0 0.3125 0.43828125 0.046875 0.0671875
0 0.34140625 0.365625 0.0578125 0.0796875
0 0.18671875 0.56875 0.040625 0.0578125
0 0.15390625 0.61015625 0.0375 0.05625
0 0.28125 0.71640625 0.053125 0.090625
0 0.68984375 0.8140625 0.075 0.121875
0 0.721875 0.84375 0.0859375 0.13125
0 0.29140625 0.4609375 0.04375 0.071875
0 0.4609375 0.6140625 0.0734375 0.1109375