0 0.96953125 0.78828125 0.0609375 0.1984375
0 0.84140625 0.76953125 0.1171875 0.1890625
0 0.8140625 0.66875 0.065625 0.0796875
0 0.8625 0.70234375 0.078125 0.11875
0 0.596875 0.4328125 0.103125 0.115625
0 0.78125 0.45546875 0.09375 0.14375
0 0.5453125 0.70546875 0.06875 0.0984375
0 0.4984375 0.640625 0.065625 0.0953125
0 0.54453125 0.52421875 0.075 0.1015625
0 0.44375 0.396875 0.071875 0.0953125
0 0.30859375 0.53828125 0.034375 0.05
0 0.3171875 0.4953125 0.0515625 0.0703125
0 0.3125 0.4265625 0.0546875 0.075