0 0.98046875 0.76953125 0.025 0.209375
0 0.85234375 0.75703125 0.090625 0.175
0 0.81328125 0.659375 0.05625 0.071875
0 0.865625 0.68828125 0.0640625 0.109375
0 0.571875 0.45 0.090625 0.1015625
0 0.7578125 0.4515625 0.075 0.13125
0 0.55 0.72578125 0.05625 0.090625
0 0.49765625 0.6671875 0.0546875 0.0875
0 0.5296875 0.54609375 0.0609375 0.0921875
0 0.41640625 0.43125 0.059375 0.0859375
0 0.296875 0.58671875 0.0265625 0.046875
0 0.3015625 0.54296875 0.040625 0.0640625
0 0.2890625 0.475 0.0453125 0.06875