0 0.778125 0.8390625 0.078125 0.1578125
0 0.9359375 0.896875 0.0796875 0.2046875
0 0.76796875 0.51953125 0.0609375 0.121875
0 0.59765625 0.46796875 0.0609375 0.1046875
0 0.446875 0.4109375 0.05 0.090625
0 0.5234375 0.54765625 0.0390625 0.09375
0 0.49296875 0.7296875 0.0515625 0.096875
0 0.459375 0.65625 0.0421875 0.09375
0 0.41015625 0.59296875 0.0390625 0.0875
0 0.303125 0.4890625 0.0328125 0.0578125
0 0.31171875 0.41171875 0.040625 0.071875
0 0.21484375 0.64765625 0.028125 0.0515625
0 0.19453125 0.69609375 0.0265625 0.05
0 0.34453125 0.765625 0.03125 0.0828125
0 0.76484375 0.7546875 0.046875 0.1125
0 0.803125 0.77421875 0.05625 0.11875
0 0.28828125 0.515625 0.028125 0.065625
0 0.4921875 0.6203125 0.0484375 0.1