0 0.95 0.81796875 0.046875 0.2109375
0 0.8234375 0.7921875 0.1078125 0.1828125
0 0.79453125 0.69140625 0.0640625 0.078125
0 0.84375 0.72578125 0.075 0.115625
0 0.5765625 0.4578125 0.1 0.1109375
0 0.76171875 0.47890625 0.0890625 0.1390625
0 0.52578125 0.7296875 0.065625 0.0953125
0 0.48046875 0.66640625 0.0640625 0.0921875
0 0.525 0.54921875 0.0703125 0.0984375
0 0.42421875 0.42265625 0.06875 0.0921875
0 0.2890625 0.56484375 0.03125 0.05
0 0.2984375 0.521875 0.046875 0.0671875
0 0.29296875 0.453125 0.0515625 0.0734375