0 0.746875 0.86171875 0.090625 0.1625
0 0.9 0.9140625 0.096875 0.171875
0 0.765625 0.54296875 0.0703125 0.125
0 0.6 0.4765625 0.0703125 0.1078125
0 0.4546875 0.40625 0.05625 0.09375
0 0.51875 0.54921875 0.046875 0.0953125
0 0.4734375 0.728125 0.059375 0.1
0 0.44609375 0.65234375 0.05 0.0953125
0 0.40234375 0.58515625 0.0453125 0.0890625
0 0.3046875 0.471875 0.0375 0.0609375
0 0.3203125 0.3953125 0.0453125 0.0734375
0 0.203125 0.621875 0.03125 0.053125
0 0.178125 0.66875 0.0296875 0.0515625
0 0.321875 0.75078125 0.0390625 0.084375
0 0.74140625 0.7765625 0.05625 0.1140625
0 0.778125 0.8 0.065625 0.121875
0 0.2875 0.49765625 0.0328125 0.0671875
0 0.48125 0.61875 0.05625 0.103125