0 0.71484375 0.88203125 0.1046875 0.16875
0 0.86015625 0.92890625 0.1140625 0.1421875
0 0.76015625 0.565625 0.08125 0.13125
0 0.6015625 0.48515625 0.078125 0.1140625
0 0.46328125 0.403125 0.065625 0.0984375
0 0.51484375 0.55078125 0.0546875 0.0984375
0 0.453125 0.725 0.0671875 0.1046875
0 0.4328125 0.646875 0.0578125 0.1
0 0.3953125 0.57578125 0.053125 0.0921875
0 0.3078125 0.4546875 0.0421875 0.0625
0 0.3296875 0.38046875 0.053125 0.078125
0 0.19375 0.59609375 0.0359375 0.05625
0 0.16484375 0.63984375 0.034375 0.053125
0 0.30078125 0.734375 0.0453125 0.0875
0 0.71640625 0.796875 0.065625 0.11875
0 0.75078125 0.82265625 0.0765625 0.1265625
0 0.2890625 0.47890625 0.0390625 0.06875
0 0.47109375 0.6171875 0.065625 0.10625