0 0.56171875 0.7734375 0.0765625 0.1109375
0 0.55703125 0.425 0.0921875 0.140625
0 0.65 0.59765625 0.08125 0.1671875
0 0.1578125 0.128125 0.0625 0.0875
0 0.1734375 0.075 0.05 0.05625
0 0.3765625 0.61171875 0.0984375 0.153125
0 0.44765625 0.671875 0.08125 0.1234375
0 0.5328125 0.64140625 0.090625 0.15625
0 0.63828125 0.4515625 0.078125 0.1078125
0 0.6375 0.3640625 0.0703125 0.0953125
0 0.79375 0.4359375 0.0734375 0.1484375
0 0.74765625 0.3203125 0.05625 0.1265625
0 0.80546875 0.3296875 0.059375 0.1296875
0 0.8375 0.29453125 0.053125 0.09375
0 0.85703125 0.21640625 0.0453125 0.0828125
0 0.39453125 0.4609375 0.06875 0.1140625
0 0.434375 0.42421875 0.05 0.0609375
0 0.43828125 0.3359375 0.071875 0.1171875
0 0.32265625 0.07734375 0.075 0.1140625
0 0.0296875 0.8703125 0.0375 0.0953125