0 0.64453125 0.59453125 0.175 0.13125
0 0.23515625 0.93359375 0.109375 0.0828125
0 0.15390625 0.78046875 0.1125 0.0890625
0 0.1875 0.40546875 0.109375 0.0828125
0 0.34921875 0.40390625 0.1296875 0.1015625
0 0.37265625 0.234375 0.1328125 0.1015625
0 0.28125 0.309375 0.1265625 0.0921875
0 0.22109375 0.22734375 0.0875 0.06875
0 0.2671875 0.2515625 0.1125 0.0796875
0 0.14296875 0.23046875 0.0859375 0.0671875
0 0.05703125 0.209375 0.1140625 0.09375
0 0.96328125 0.85546875 0.0734375 0.0546875
0 0.7640625 0.359375 0.1390625 0.1046875
0 0.56171875 0.32734375 0.165625 0.1046875
0 0.5078125 0.61171875 0.125 0.0953125
0 0.365625 0.60078125 0.1125 0.0828125
0 0.6328125 0.4296875 0.1671875 0.134375
0 0.41953125 0.44765625 0.128125 0.09375
0 0.4296875 0.37421875 0.10625 0.0859375
0 0.39375 0.328125 0.1046875 0.071875
0 0.1828125 0.9328125 0.06875 0.0546875