0 0.48984375 0.80546875 0.09375 0.121875
0 0.421875 0.46171875 0.1140625 0.153125
0 0.3671875 0.6515625 0.1078125 0.178125
0 0.74921875 0.0859375 0.0765625 0.0953125
0 0.721875 0.04375 0.059375 0.046875
0 0.63671875 0.60546875 0.1234375 0.165625
0 0.5796875 0.68125 0.1 0.134375
0 0.490625 0.66875 0.115625 0.16875
0 0.34765625 0.5046875 0.09375 0.11875
0 0.33125 0.41875 0.084375 0.10625
0 0.19296875 0.5234375 0.0984375 0.1578125
0 0.2140625 0.4 0.075 0.13125
0 0.16015625 0.42109375 0.08125 0.1359375
0 0.12109375 0.39375 0.06875 0.1
0 0.0859375 0.32109375 0.0578125 0.0890625
0 0.5875 0.46171875 0.0875 0.125
0 0.54140625 0.434375 0.059375 0.0671875
0 0.51953125 0.34921875 0.090625 0.1265625
0 0.578125 0.07421875 0.09375 0.1171875