0 0.63359375 0.609375 0.1640625 0.115625
0 0.19140625 0.903125 0.103125 0.071875
0 0.1265625 0.74296875 0.10625 0.078125
0 0.19921875 0.3734375 0.103125 0.071875
0 0.36015625 0.38828125 0.121875 0.090625
0 0.4015625 0.22265625 0.125 0.090625
0 0.30234375 0.2875 0.1203125 0.08125
0 0.25078125 0.2 0.08125 0.0609375
0 0.29453125 0.22890625 0.10625 0.06875
0 0.17265625 0.19453125 0.0796875 0.059375
0 0.08125 0.1640625 0.125 0.0828125
0 0.93671875 0.9046875 0.0953125 0.0453125
0 0.77734375 0.38828125 0.13125 0.0921875
0 0.5796875 0.334375 0.1578125 0.0890625
0 0.49609375 0.61171875 0.11875 0.084375
0 0.35625 0.5859375 0.10625 0.071875
0 0.63984375 0.44453125 0.15625 0.11875
0 0.425 0.4390625 0.121875 0.0828125
0 0.44296875 0.3671875 0.1 0.0765625
0 0.4125 0.31796875 0.0984375 0.0625
0 0.1390625 0.896875 0.0640625 0.0484375