0 0.38828125 0.63125 0.1109375 0.1625
0 0.10234375 0.184375 0.0703125 0.1015625
0 0.26328125 0.121875 0.078125 0.103125
0 0.63125 0.2015625 0.071875 0.103125
0 0.6140625 0.3625 0.0875 0.11875
0 0.77890625 0.40625 0.0875 0.1234375
0 0.71640625 0.30625 0.078125 0.1171875
0 0.8046875 0.25625 0.0578125 0.08125
0 0.77421875 0.29921875 0.06875 0.1046875
0 0.8109375 0.178125 0.05625 0.078125
0 0.84296875 0.08671875 0.0796875 0.1234375
0 0.0875 0.93046875 0.04375 0.09375
0 0.6078125 0.77890625 0.090625 0.128125
0 0.6640625 0.58203125 0.0859375 0.15625
0 0.38828125 0.49375 0.08125 0.115625
0 0.41640625 0.3546875 0.0703125 0.10625
0 0.55390625 0.640625 0.115625 0.153125
0 0.5625 0.4265625 0.0796875 0.11875
0 0.63359375 0.4453125 0.075 0.0984375
0 0.68359375 0.415625 0.0609375 0.0984375
0 0.109375 0.1328125 0.05 0.0640625