0 0.4046875 0.35625 0.1546875 0.096875
0 0.91328125 0.2046875 0.0984375 0.0609375
0 0.92890625 0.3765625 0.0984375 0.0671875
0 0.75078125 0.70859375 0.0984375 0.0609375
0 0.60078125 0.64765625 0.1140625 0.078125
0 0.51328125 0.79375 0.1171875 0.0765625
0 0.6265625 0.7609375 0.1125 0.06875
0 0.65078125 0.86015625 0.0765625 0.0515625
0 0.6171875 0.81953125 0.1015625 0.059375
0 0.72421875 0.8875 0.075 0.05
0 0.80234375 0.94375 0.11875 0.06875
0 0.20234375 0.5265625 0.1234375 0.078125
0 0.37578125 0.63515625 0.1515625 0.071875
0 0.53671875 0.39453125 0.1109375 0.071875
0 0.6625 0.459375 0.1015625 0.0609375
0 0.35 0.5125 0.146875 0.103125
0 0.553125 0.5796875 0.1140625 0.06875
0 0.515625 0.64296875 0.0921875 0.0671875
0 0.53046875 0.69921875 0.09375 0.0515625
0 0.9609375 0.22578125 0.059375 0.0421875