0 0.59921875 0.7625 0.090625 0.1203125
0 0.54609375 0.41796875 0.1109375 0.1515625
0 0.6625 0.57578125 0.103125 0.1765625
0 0.109375 0.1796875 0.0734375 0.0953125
0 0.1171875 0.12421875 0.0578125 0.0625
0 0.39296875 0.628125 0.11875 0.165625
0 0.471875 0.67734375 0.096875 0.1328125
0 0.55234375 0.63515625 0.1109375 0.1671875
0 0.63046875 0.4328125 0.0921875 0.1171875
0 0.6171875 0.34609375 0.0828125 0.1046875
0 0.78203125 0.3953125 0.09375 0.1578125
0 0.7203125 0.2875 0.0734375 0.1328125
0 0.77890625 0.2890625 0.0765625 0.1359375
0 0.80546875 0.24921875 0.065625 0.1
0 0.8140625 0.16953125 0.05625 0.0890625
0 0.38984375 0.47578125 0.084375 0.121875
0 0.42421875 0.434375 0.0578125 0.0671875
0 0.41640625 0.34609375 0.0875 0.1265625
0 0.265625 0.10625 0.090625 0.1234375
0 0.0859375 0.93203125 0.05 0.1