0 0.5375 0.803125 0.1109375 0.134375
0 0.4171875 0.47421875 0.1359375 0.16875
0 0.3921875 0.6703125 0.134375 0.1921875
0 0.68125 0.05234375 0.090625 0.1046875
0 0.646875 0.02109375 0.065625 0.0421875
0 0.6515625 0.5828125 0.1484375 0.1828125
0 0.60703125 0.66640625 0.1203125 0.1484375
0 0.5171875 0.66796875 0.140625 0.184375
0 0.35 0.528125 0.1109375 0.13125
0 0.3203125 0.44609375 0.1 0.11875
0 0.20078125 0.57109375 0.121875 0.171875
0 0.2015625 0.44609375 0.0953125 0.140625
0 0.15234375 0.475 0.1015625 0.146875
0 0.109375 0.4546875 0.0828125 0.109375
0 0.06328125 0.38828125 0.0703125 0.096875
0 0.58046875 0.4484375 0.10625 0.1375
0 0.53046875 0.42890625 0.06875 0.075
0 0.49609375 0.34765625 0.109375 0.1390625
0 0.5109375 0.0671875 0.1109375 0.1296875