0 0.3875 0.36875 0.165625 0.115625
0 0.87421875 0.15625 0.1046875 0.071875
0 0.9109375 0.325 0.10625 0.078125
0 0.77421875 0.6765625 0.1046875 0.071875
0 0.61796875 0.634375 0.1234375 0.0921875
0 0.54921875 0.78984375 0.125 0.090625
0 0.65703125 0.74375 0.1203125 0.08125
0 0.69375 0.8390625 0.0828125 0.0609375
0 0.65546875 0.803125 0.1078125 0.071875
0 0.76953125 0.85703125 0.08125 0.059375
0 0.85390625 0.90390625 0.1265625 0.0828125
0 0.2078125 0.5625 0.1328125 0.0921875
0 0.39296875 0.64921875 0.159375 0.0890625
0 0.5234375 0.390625 0.11875 0.084375
0 0.65625 0.43984375 0.1078125 0.0734375
0 0.35234375 0.53046875 0.1578125 0.1203125
0 0.5625 0.57265625 0.121875 0.0828125
0 0.5328125 0.63984375 0.1 0.078125
0 0.5546875 0.69375 0.1 0.0625
0 0.92421875 0.171875 0.0640625 0.0484375