0 0.96015625 0.38203125 0.0796875 0.1546875
0 0.1125 0.290625 0.1078125 0.1375
0 0.0609375 0.475 0.075 0.103125
0 0.13671875 0.68203125 0.1296875 0.171875
0 0.31484375 0.61171875 0.1203125 0.165625
0 0.025 0.49921875 0.05 0.1296875
0 0.0671875 0.5484375 0.0890625 0.1125
0 0.0859375 0.775 0.08125 0.10625
0 0.5046875 0.7 0.1125 0.1609375
0 0.57734375 0.42890625 0.0953125 0.128125
0 0.9640625 0.50078125 0.071875 0.1015625
0 0.84453125 0.809375 0.0828125 0.1359375
0 0.71328125 0.73359375 0.05625 0.0953125
0 0.2109375 0.4578125 0.0703125 0.1078125
0 0.36484375 0.484375 0.1078125 0.134375
0 0.6375 0.38125 0.0859375 0.115625
0 0.41796875 0.65546875 0.115625 0.153125
0 0.5578125 0.82734375 0.0671875 0.096875
0 0.65859375 0.8640625 0.08125 0.1046875
0 0.684375 0.7078125 0.053125 0.08125
0 0.590625 0.85703125 0.09375 0.1265625
0 0.2078125 0.54296875 0.08125 0.109375
0 0.1640625 0.5453125 0.0578125 0.090625
0 0.12890625 0.521875 0.0625 0.0875
0 0.37421875 0.48984375 0.1375 0.1609375
0 0.66171875 0.46640625 0.1109375 0.1421875
0 0.7515625 0.4015625 0.090625 0.125
0 0.078125 0.8140625 0.13125 0.153125
0 0.0375 0.37578125 0.0734375 0.1375
0 0.77109375 0.540625 0.09375 0.13125
0 0.83515625 0.59296875 0.08125 0.115625
0 0.9296875 0.5890625 0.0578125 0.0953125
0 0.96640625 0.58046875 0.0671875 0.0890625
0 0.8953125 0.5578125 0.059375 0.0796875