0 0.9265625 0.26328125 0.109375 0.1578125
0 0.071875 0.3984375 0.1125 0.14375
0 0.06953125 0.58984375 0.0765625 0.1046875
0 0.19609375 0.76953125 0.134375 0.178125
0 0.35078125 0.65625 0.1265625 0.171875
0 0.0359375 0.62421875 0.0640625 0.13125
0 0.09375 0.65859375 0.0921875 0.115625
0 0.17109375 0.87265625 0.0828125 0.109375
0 0.55625 0.69140625 0.1171875 0.1671875
0 0.55625 0.41171875 0.1 0.1328125
0 0.95234375 0.3796875 0.0828125 0.10625
0 0.9125 0.709375 0.0859375 0.140625
0 0.76640625 0.6703125 0.0578125 0.096875
0 0.209375 0.53359375 0.075 0.1109375
0 0.36484375 0.5203125 0.1125 0.140625
0 0.60234375 0.35 0.0890625 0.11875
0 0.4609375 0.671875 0.11875 0.159375
0 0.63984375 0.8015625 0.0703125 0.1
0 0.74765625 0.8109375 0.0828125 0.10625
0 0.73125 0.653125 0.05625 0.084375
0 0.6796875 0.82109375 0.096875 0.1296875
0 0.228125 0.6171875 0.084375 0.1140625
0 0.1875 0.63046875 0.0609375 0.0953125
0 0.14765625 0.6171875 0.0640625 0.0890625
0 0.37578125 0.521875 0.1421875 0.165625
0 0.64765625 0.42578125 0.1140625 0.146875
0 0.7171875 0.33984375 0.09375 0.1296875
0 0.1734375 0.9125 0.134375 0.1578125
0 0.0296875 0.49765625 0.059375 0.1421875
0 0.771875 0.46953125 0.0984375 0.1359375
0 0.84765625 0.503125 0.084375 0.1203125
0 0.9375 0.47578125 0.0609375 0.0984375
0 0.96796875 0.4578125 0.0640625 0.090625
0 0.896875 0.453125 0.0609375 0.0828125