0 0.0796875 0.75546875 0.1265625 0.2265625
0 0.21953125 0.83125 0.115625 0.1578125
0 0.34921875 0.7375 0.10625 0.1734375
0 0.4296875 0.76484375 0.0875 0.125
0 0.19296875 0.6359375 0.1234375 0.165625
0 0.509375 0.653125 0.0796875 0.1109375
0 0.5046875 0.7453125 0.10625 0.1515625
0 0.553125 0.628125 0.0859375 0.1359375
0 0.58125 0.578125 0.059375 0.1
0 0.65703125 0.56953125 0.078125 0.1078125
0 0.753125 0.5921875 0.0796875 0.1328125
0 0.7921875 0.53125 0.071875 0.1265625
0 0.84375 0.534375 0.0515625 0.096875
0 0.75546875 0.40546875 0.05625 0.075
0 0.87265625 0.37890625 0.0671875 0.0921875
0 0.9265625 0.3625 0.071875 0.1046875
0 0.80625 0.40234375 0.046875 0.071875