0 0.7703125 0.9109375 0.2328125 0.1328125
0 0.840625 0.76875 0.159375 0.1203125
0 0.74296875 0.6421875 0.1796875 0.1125
0 0.7671875 0.5609375 0.128125 0.0921875
0 0.646875 0.8015625 0.1703125 0.1296875
0 0.653125 0.484375 0.115625 0.084375
0 0.7453125 0.48671875 0.15625 0.1109375
0 0.62578125 0.4421875 0.140625 0.0921875
0 0.575 0.415625 0.1015625 0.0625
0 0.5640625 0.33984375 0.1109375 0.0828125
0 0.5828125 0.24375 0.1359375 0.0828125
0 0.52109375 0.20625 0.128125 0.0765625
0 0.52265625 0.15546875 0.0984375 0.053125
0 0.396875 0.24765625 0.0765625 0.059375
0 0.36640625 0.13125 0.0953125 0.071875
0 0.3484375 0.078125 0.10625 0.075
0 0.3921875 0.196875 0.0734375 0.0484375