0 0.4421875 0.25234375 0.109375 0.0609375
0 0.396875 0.3 0.121875 0.084375
0 0.328125 0.28671875 0.0734375 0.065625
0 0.4234375 0.4515625 0.11875 0.0875
0 0.19296875 0.2765625 0.09375 0.0546875
0 0.15 0.24140625 0.059375 0.046875
0 0.1359375 0.284375 0.0546875 0.0640625
0 0.1359375 0.81328125 0.1578125 0.0921875
0 0.1453125 0.9640625 0.165625 0.071875
0 0.63046875 0.9484375 0.1234375 0.0609375
0 0.565625 0.96953125 0.1015625 0.0515625
0 0.434375 0.98359375 0.125 0.0328125
0 0.3109375 0.525 0.1421875 0.0890625
0 0.43671875 0.45 0.115625 0.0625
0 0.61640625 0.3296875 0.09375 0.053125
0 0.51796875 0.32578125 0.08125 0.0453125
0 0.5046875 0.37734375 0.1 0.0515625