0 0.2484375 0.5359375 0.0515625 0.1046875
0 0.29140625 0.58515625 0.075 0.1171875
0 0.27265625 0.65234375 0.059375 0.0703125
0 0.4453125 0.571875 0.078125 0.1140625
0 0.25078125 0.78671875 0.0484375 0.090625
0 0.21171875 0.82578125 0.0421875 0.05625
0 0.253125 0.84375 0.059375 0.05
0 0.78046875 0.88984375 0.078125 0.1515625
0 0.9484375 0.89453125 0.090625 0.1578125
0 0.9578125 0.409375 0.0515625 0.1203125
0 0.9734375 0.47578125 0.04375 0.0984375
0 0.9828125 0.6078125 0.034375 0.121875
0 0.50859375 0.690625 0.078125 0.1359375
0 0.44453125 0.55859375 0.0546875 0.1109375
0 0.340625 0.36953125 0.0453125 0.090625
0 0.328125 0.4671875 0.0390625 0.078125
0 0.378125 0.484375 0.04375 0.096875