0 0.43359375 0.2546875 0.1109375 0.0640625
0 0.38984375 0.30390625 0.125 0.0890625
0 0.32109375 0.29296875 0.075 0.06875
0 0.421875 0.45390625 0.121875 0.0921875
0 0.18515625 0.2875 0.0953125 0.0578125
0 0.14140625 0.25390625 0.0609375 0.0484375
0 0.12890625 0.296875 0.05625 0.065625
0 0.146875 0.82578125 0.1609375 0.096875
0 0.1609375 0.96796875 0.16875 0.0640625
0 0.64609375 0.94375 0.125 0.065625
0 0.58203125 0.9671875 0.103125 0.0546875
0 0.45078125 0.98359375 0.1265625 0.0328125
0 0.31171875 0.53125 0.1453125 0.09375
0 0.43515625 0.45234375 0.1171875 0.0671875
0 0.61015625 0.32578125 0.0953125 0.05625
0 0.51171875 0.325 0.0828125 0.0484375
0 0.50078125 0.37734375 0.1015625 0.0546875