0 0.25390625 0.56171875 0.0625 0.109375
0 0.3015625 0.60625 0.0859375 0.1234375
0 0.28984375 0.675 0.065625 0.075
0 0.453125 0.57734375 0.0890625 0.1203125
0 0.28203125 0.8109375 0.05625 0.0953125
0 0.24765625 0.85390625 0.0484375 0.0609375
0 0.290625 0.86796875 0.0640625 0.05625
0 0.81953125 0.85859375 0.09375 0.159375
0 0.9671875 0.84453125 0.065625 0.1671875
0 0.94609375 0.36171875 0.0625 0.1234375
0 0.96796875 0.4265625 0.053125 0.103125
0 0.98359375 0.55625 0.0328125 0.125
0 0.528125 0.6890625 0.0921875 0.14375
0 0.45078125 0.5640625 0.0640625 0.115625
0 0.328125 0.38671875 0.0546875 0.0953125
0 0.32578125 0.48515625 0.046875 0.08125
0 0.37734375 0.496875 0.053125 0.1015625