0 0.10546875 0.709375 0.11875 0.1859375
0 0.05625 0.73125 0.096875 0.1640625
0 0.103125 0.48203125 0.0859375 0.140625
0 0.23671875 0.4234375 0.121875 0.1671875
0 0.35390625 0.52109375 0.103125 0.1625
0 0.278125 0.5375 0.0828125 0.146875
0 0.42109375 0.521875 0.090625 0.1578125
0 0.634375 0.4828125 0.071875 0.14375
0 0.6953125 0.50703125 0.11875 0.1515625
0 0.73984375 0.45078125 0.1109375 0.159375
0 0.93671875 0.4609375 0.1 0.153125
0 0.8796875 0.6515625 0.103125 0.190625
0 0.96484375 0.7015625 0.0703125 0.184375