0 0.1296875 0.75 0.1296875 0.1921875
0 0.07890625 0.7765625 0.115625 0.16875
0 0.10390625 0.5234375 0.0953125 0.1453125
0 0.23046875 0.45234375 0.1328125 0.1734375
0 0.35703125 0.53671875 0.1140625 0.1671875
0 0.2828125 0.56015625 0.090625 0.1515625
0 0.42421875 0.53046875 0.1015625 0.1625
0 0.63203125 0.46875 0.0796875 0.146875
0 0.6953125 0.48671875 0.1265625 0.1578125
0 0.7328125 0.42578125 0.121875 0.1671875
0 0.93046875 0.415625 0.1078125 0.1578125
0 0.89296875 0.6109375 0.115625 0.19375
0 0.9703125 0.65078125 0.05625 0.1859375