0 0.75 0.56796875 0.1109375 0.1515625
0 0.609375 0.53984375 0.121875 0.18125
0 0.2796875 0.4484375 0.159375 0.1875
0 0.14375 0.6375 0.14375 0.196875
0 0.92578125 0.73203125 0.1359375 0.2046875
0 0.95859375 0.77109375 0.0828125 0.1765625
0 0.9265625 0.52421875 0.1171875 0.146875
0 0.7984375 0.45078125 0.153125 0.1890625
0 0.68203125 0.55703125 0.1515625 0.209375
0 0.32734375 0.515625 0.1546875 0.1953125
0 0.396875 0.49296875 0.1109375 0.1765625
0 0.07734375 0.6640625 0.0875 0.184375
0 0.08671875 0.44765625 0.134375 0.1703125