0 0.18359375 0.815625 0.1515625 0.2046875
0 0.13984375 0.85234375 0.134375 0.18125
0 0.115625 0.59921875 0.1125 0.1546875
0 0.2265625 0.5046875 0.1515625 0.1859375
0 0.3671875 0.56328125 0.1328125 0.1796875
0 0.2984375 0.60078125 0.1078125 0.159375
0 0.43125 0.54453125 0.11875 0.171875
0 0.6234375 0.44375 0.096875 0.153125
0 0.6890625 0.44921875 0.14375 0.1703125
0 0.71484375 0.3828125 0.1390625 0.178125
0 0.90625 0.33515625 0.1265625 0.16875
0 0.90703125 0.53359375 0.1375 0.2046875
0 0.975 0.5578125 0.05 0.190625