0 0.70078125 0.575 0.1234375 0.159375
0 0.5640625 0.54375 0.1359375 0.190625
0 0.24296875 0.44453125 0.1734375 0.2
0 0.0890625 0.63125 0.159375 0.20625
0 0.859375 0.74375 0.153125 0.2140625
0 0.89375 0.78203125 0.1078125 0.1796875
0 0.88046875 0.53671875 0.128125 0.15625
0 0.76015625 0.459375 0.1671875 0.2015625
0 0.6328125 0.5625 0.1671875 0.2203125
0 0.28359375 0.51328125 0.16875 0.2078125
0 0.35625 0.49140625 0.125 0.1828125
0 0.0359375 0.6578125 0.071875 0.196875
0 0.0625 0.43984375 0.125 0.1796875