0 0.69921875 0.57890625 0.125 0.1609375
0 0.56328125 0.54453125 0.1390625 0.190625
0 0.24375 0.43984375 0.175 0.2015625
0 0.08671875 0.62421875 0.1609375 0.2078125
0 0.8546875 0.75 0.15625 0.215625
0 0.88828125 0.78828125 0.1109375 0.1796875
0 0.8796875 0.54296875 0.1296875 0.1578125
0 0.7609375 0.46328125 0.1703125 0.203125
0 0.63203125 0.56484375 0.1703125 0.221875
0 0.28359375 0.509375 0.171875 0.209375
0 0.35625 0.4890625 0.1265625 0.184375
0 0.03515625 0.64921875 0.0703125 0.1984375
0 0.06328125 0.43203125 0.1265625 0.1796875