0 0.74140625 0.59375 0.096875 0.1421875
0 0.6046875 0.55078125 0.1046875 0.171875
0 0.2859375 0.42578125 0.1421875 0.1734375
0 0.13125 0.59921875 0.125 0.184375
0 0.89921875 0.775 0.115625 0.19375
0 0.946875 0.81953125 0.1046875 0.1671875
0 0.921875 0.56875 0.103125 0.1375
0 0.80234375 0.48203125 0.1359375 0.1765625
0 0.675 0.57578125 0.13125 0.196875
0 0.3265625 0.49765625 0.1359375 0.1828125
0 0.3984375 0.48203125 0.09375 0.1671875
0 0.0625 0.61875 0.06875 0.178125
0 0.09453125 0.4046875 0.11875 0.159375