0 0.07109375 0.62265625 0.1359375 0.1953125
0 0.03671875 0.634375 0.0734375 0.171875
0 0.115625 0.39921875 0.1 0.146875
0 0.25859375 0.37109375 0.1375 0.1765625
0 0.353125 0.48984375 0.11875 0.1703125
0 0.275 0.490625 0.096875 0.153125
0 0.41875 0.50546875 0.10625 0.1640625
0 0.63515625 0.5109375 0.0859375 0.1484375
0 0.6890625 0.54765625 0.1328125 0.1609375
0 0.7453125 0.5015625 0.1265625 0.16875
0 0.93515625 0.55234375 0.1140625 0.1609375
0 0.83984375 0.72734375 0.121875 0.1984375
0 0.91484375 0.7953125 0.09375 0.1890625