0 0.53046875 0.7546875 0.0546875 0.0796875
0 0.8625 0.765625 0.040625 0.05625
0 0.86171875 0.734375 0.040625 0.046875
0 0.071875 0.69140625 0.065625 0.0796875
0 0.090625 0.8234375 0.0765625 0.121875
0 0.15625 0.83515625 0.078125 0.1125
0 0.203125 0.753125 0.0609375 0.0875
0 0.2203125 0.6921875 0.05 0.0765625
0 0.25625 0.7234375 0.05625 0.0828125
0 0.278125 0.75625 0.0625 0.096875
0 0.3109375 0.63125 0.053125 0.071875
0 0.4078125 0.56796875 0.071875 0.08125
0 0.3890625 0.7109375 0.071875 0.1
0 0.384375 0.79609375 0.05625 0.0859375
0 0.4234375 0.765625 0.0546875 0.0921875
0 0.46953125 0.7546875 0.0671875 0.1015625
0 0.57734375 0.78515625 0.0625 0.084375
0 0.603125 0.7859375 0.0453125 0.1
0 0.6390625 0.80546875 0.05 0.0703125
0 0.640625 0.671875 0.0484375 0.0609375
0 0.69375 0.71953125 0.0421875 0.05625
0 0.946875 0.69765625 0.0234375 0.0296875
0 0.95234375 0.67265625 0.0328125 0.0359375