0 0.56640625 0.775 0.0546875 0.078125
0 0.89921875 0.8140625 0.0421875 0.0546875
0 0.89765625 0.7828125 0.0390625 0.0453125
0 0.10546875 0.67265625 0.065625 0.0796875
0 0.1265625 0.8046875 0.078125 0.1203125
0 0.190625 0.821875 0.08125 0.109375
0 0.23828125 0.7453125 0.0625 0.0859375
0 0.2546875 0.68515625 0.05 0.0765625
0 0.290625 0.7203125 0.0546875 0.08125
0 0.31328125 0.75390625 0.0640625 0.0953125
0 0.34375 0.63203125 0.0515625 0.071875
0 0.440625 0.578125 0.071875 0.078125
0 0.42421875 0.71953125 0.0734375 0.1
0 0.4203125 0.80390625 0.0578125 0.0859375
0 0.45859375 0.77578125 0.05625 0.090625
0 0.50546875 0.76953125 0.06875 0.1
0 0.6140625 0.809375 0.0625 0.084375
0 0.6390625 0.81171875 0.046875 0.0984375
0 0.675 0.834375 0.0484375 0.0703125
0 0.67421875 0.70078125 0.05 0.059375
0 0.72890625 0.75390625 0.0421875 0.05625
0 0.9828125 0.75390625 0.0234375 0.0296875
0 0.9859375 0.72890625 0.028125 0.034375