0 0.065625 0.690625 0.115625 0.1328125
0 0.034375 0.64609375 0.06875 0.1390625
0 0.17421875 0.578125 0.0640625 0.0859375
0 0.2828125 0.5609375 0.065625 0.075
0 0.33984375 0.72734375 0.071875 0.09375
0 0.3265625 0.6625 0.0890625 0.1109375
0 0.2875 0.74609375 0.0828125 0.0921875
0 0.2015625 0.625 0.0796875 0.1015625
0 0.140625 0.6328125 0.0828125 0.103125
0 0.04296875 0.5265625 0.0859375 0.109375
0 0.16953125 0.734375 0.1265625 0.2546875
0 0.17734375 0.421875 0.103125 0.0984375
0 0.38984375 0.7328125 0.0859375 0.1171875
0 0.44453125 0.7578125 0.0765625 0.0984375
0 0.47890625 0.80625 0.075 0.096875
0 0.4984375 0.8140625 0.078125 0.1203125
0 0.5734375 0.7234375 0.0671875 0.078125
0 0.6046875 0.7875 0.053125 0.059375
0 0.75390625 0.87109375 0.05625 0.0640625
0 0.85703125 0.84765625 0.040625 0.0421875
0 0.8390625 0.85703125 0.040625 0.040625
0 0.52578125 0.8453125 0.05625 0.0671875
0 0.3921875 0.540625 0.0828125 0.0953125