0 0.23984375 0.896875 0.0921875 0.1140625
0 0.16953125 0.88984375 0.0921875 0.1234375
0 0.26953125 0.74296875 0.05 0.0765625
0 0.3515625 0.66875 0.0546875 0.0640625
0 0.4890625 0.77734375 0.0546875 0.0859375
0 0.44296875 0.73046875 0.06875 0.096875
0 0.45625 0.821875 0.0671875 0.08125
0 0.31796875 0.76796875 0.0609375 0.0890625
0 0.27109375 0.80703125 0.065625 0.0921875
0 0.1296875 0.77421875 0.075 0.0953125
0 0.35078125 0.8765625 0.0734375 0.2453125
0 0.18671875 0.6109375 0.0875 0.0828125
0 0.53359375 0.7546875 0.065625 0.1078125
0 0.59375 0.746875 0.059375 0.0875
0 0.64921875 0.76796875 0.05625 0.0859375
0 0.66953125 0.7640625 0.0546875 0.1125
0 0.68359375 0.64765625 0.053125 0.06875
0 0.74453125 0.68359375 0.0421875 0.0515625
0 0.9140625 0.67265625 0.0453125 0.05625
0 0.9859375 0.59609375 0.028125 0.0359375
0 0.97890625 0.61484375 0.034375 0.034375
0 0.709375 0.77578125 0.04375 0.059375
0 0.43203125 0.59296875 0.065625 0.0828125