0 0.14609375 0.815625 0.115625 0.1328125
0 0.084375 0.78984375 0.1078125 0.1390625
0 0.21484375 0.675 0.0640625 0.0859375
0 0.3125 0.625 0.065625 0.075
0 0.41796875 0.765625 0.071875 0.09375
0 0.38515625 0.7078125 0.0890625 0.1109375
0 0.37421875 0.8 0.0828125 0.0921875
0 0.2546875 0.7109375 0.0796875 0.1015625
0 0.19921875 0.7375 0.0828125 0.103125
0 0.07109375 0.66875 0.09375 0.109375
0 0.2578125 0.825 0.1265625 0.2546875
0 0.16875 0.52578125 0.103125 0.0984375
0 0.4671875 0.75546875 0.0859375 0.1171875
0 0.5265625 0.7625 0.0765625 0.0984375
0 0.575 0.79765625 0.075 0.096875
0 0.5953125 0.79921875 0.078125 0.1203125
0 0.6390625 0.68984375 0.0671875 0.078125
0 0.68828125 0.740625 0.053125 0.059375
0 0.85625 0.77421875 0.05625 0.0640625
0 0.946875 0.7203125 0.040625 0.0421875
0 0.9328125 0.734375 0.040625 0.040625
0 0.63125 0.8203125 0.05625 0.0671875
0 0.41015625 0.571875 0.0828125 0.0953125