0 0.4953125 0.75625 0.059375 0.0828125
0 0.821875 0.81328125 0.0453125 0.0578125
0 0.825 0.7828125 0.04375 0.0484375
0 0.04921875 0.63046875 0.0703125 0.084375
0 0.05 0.76328125 0.084375 0.125
0 0.1125 0.78359375 0.0859375 0.1171875
0 0.17109375 0.709375 0.0671875 0.0921875
0 0.196875 0.65078125 0.0546875 0.0796875
0 0.22734375 0.6875 0.0609375 0.0859375
0 0.24453125 0.72265625 0.06875 0.1015625
0 0.29453125 0.603125 0.0578125 0.075
0 0.39921875 0.5546875 0.0765625 0.084375
0 0.3609375 0.69375 0.078125 0.1046875
0 0.34453125 0.77734375 0.0609375 0.0890625
0 0.38671875 0.75234375 0.0609375 0.0953125
0 0.434375 0.74765625 0.0734375 0.10625
0 0.53671875 0.79296875 0.0671875 0.0890625
0 0.5625 0.796875 0.0515625 0.1015625
0 0.5953125 0.821875 0.053125 0.0734375
0 0.61484375 0.68984375 0.053125 0.0640625
0 0.6609375 0.74375 0.046875 0.059375
0 0.91484375 0.7578125 0.025 0.03125
0 0.92421875 0.73359375 0.034375 0.0375