0 0.58984375 0.76796875 0.0609375 0.0828125
0 0.925 0.778125 0.046875 0.0578125
0 0.92109375 0.746875 0.0421875 0.0484375
0 0.121875 0.70625 0.071875 0.084375
0 0.1546875 0.8359375 0.0890625 0.1265625
0 0.21953125 0.84765625 0.090625 0.115625
0 0.2609375 0.7671875 0.0703125 0.090625
0 0.271875 0.70546875 0.05625 0.08125
0 0.3109375 0.7375 0.0609375 0.0859375
0 0.3359375 0.76953125 0.071875 0.1
0 0.35546875 0.6453125 0.0578125 0.0765625
0 0.44765625 0.5828125 0.078125 0.084375
0 0.44375 0.725 0.08125 0.10625
0 0.446875 0.809375 0.065625 0.090625
0 0.4828125 0.778125 0.0640625 0.0953125
0 0.52890625 0.76796875 0.0765625 0.10625
0 0.640625 0.7984375 0.0703125 0.0890625
0 0.665625 0.7984375 0.0546875 0.1015625
0 0.703125 0.81796875 0.0546875 0.075
0 0.69140625 0.68515625 0.0546875 0.0640625
0 0.75 0.7328125 0.046875 0.059375
0 0.99453125 0.7109375 0.0109375 0.03125
0 0.99375 0.68515625 0.0125 0.0359375