0 0.67421875 0.63046875 0.0640625 0.0640625
0 0.71171875 0.578125 0.05625 0.0828125
0 0.6734375 0.559375 0.103125 0.13125
0 0.5828125 0.565625 0.0953125 0.13125
0 0.5015625 0.5734375 0.1 0.1375
0 0.47734375 0.36953125 0.140625 0.171875
0 0.35390625 0.3515625 0.1453125 0.1859375
0 0.321875 0.67265625 0.1390625 0.1859375
0 0.965625 0.40859375 0.03125 0.046875
0 0.93046875 0.409375 0.0375 0.05
0 0.9046875 0.4328125 0.0328125 0.0453125
0 0.8734375 0.4515625 0.03125 0.0390625
0 0.8578125 0.525 0.0625 0.0734375
0 0.66640625 0.3703125 0.0859375 0.13125