0 0.70078125 0.584375 0.078125 0.078125
0 0.72421875 0.52421875 0.075 0.09375
0 0.6828125 0.515625 0.13125 0.1515625
0 0.59609375 0.54375 0.125 0.15
0 0.51953125 0.57109375 0.1296875 0.1578125
0 0.44609375 0.37890625 0.178125 0.2015625
0 0.32265625 0.39140625 0.1859375 0.215625
0 0.36875 0.7109375 0.1796875 0.2140625
0 0.9296875 0.2984375 0.0421875 0.053125
0 0.89609375 0.3078125 0.0484375 0.0578125
0 0.8765625 0.33671875 0.0421875 0.0515625
0 0.85078125 0.3625 0.0390625 0.0453125
0 0.853125 0.4375 0.078125 0.0859375
0 0.63046875 0.33359375 0.115625 0.1484375