0 0.01953125 0.61796875 0.03125 0.0921875
0 0.090625 0.72734375 0.078125 0.1109375
0 0.121875 0.69140625 0.075 0.1046875
0 0.209375 0.8171875 0.0859375 0.1234375
0 0.2765625 0.81875 0.0859375 0.1265625
0 0.36015625 0.6328125 0.0875 0.1234375
0 0.38828125 0.38203125 0.0921875 0.125
0 0.47890625 0.465625 0.0875 0.1234375
0 0.45625 0.51484375 0.0890625 0.125
0 0.5328125 0.47109375 0.0859375 0.125
0 0.62890625 0.47578125 0.071875 0.109375
0 0.67890625 0.4859375 0.0890625 0.1296875
0 0.65078125 0.54765625 0.090625 0.1203125
0 0.5734375 0.60546875 0.0765625 0.103125
0 0.60390625 0.60859375 0.065625 0.0890625
0 0.87734375 0.303125 0.10625 0.14375
0 0.771875 0.87734375 0.04375 0.059375
0 0.6859375 0.875 0.0421875 0.059375
0 0.44140625 0.90859375 0.06875 0.090625
0 0.2625 0.7046875 0.05625 0.0796875
0 0.80234375 0.45625 0.071875 0.090625