0 0.00546875 0.50703125 0.0109375 0.0921875
0 0.05 0.6296875 0.05625 0.1015625
0 0.08828125 0.6015625 0.0546875 0.0953125
0 0.1453125 0.74375 0.0625 0.1125
0 0.2109375 0.76015625 0.0609375 0.115625
0 0.33359375 0.59765625 0.0640625 0.1125
0 0.41796875 0.36015625 0.06875 0.1125
0 0.4875 0.46171875 0.0640625 0.1125
0 0.45390625 0.5046875 0.065625 0.1125
0 0.53828125 0.47890625 0.0625 0.1140625
0 0.63125 0.50546875 0.05 0.1
0 0.67734375 0.5265625 0.0640625 0.11875
0 0.6359375 0.58046875 0.06875 0.1078125
0 0.54765625 0.61953125 0.0578125 0.0921875
0 0.5765625 0.62890625 0.0484375 0.0796875
0 0.91171875 0.39296875 0.0796875 0.1296875
0 0.6796875 0.92890625 0.0328125 0.053125
0 0.596875 0.90703125 0.03125 0.053125
0 0.35078125 0.88515625 0.0515625 0.08125
0 0.22265625 0.64609375 0.040625 0.071875
0 0.8046875 0.52578125 0.0546875 0.0796875