0 0.02578125 0.63359375 0.0359375 0.0921875
0 0.11640625 0.734375 0.0578125 0.1015625
0 0.1453125 0.69765625 0.05625 0.0953125
0 0.240625 0.81640625 0.065625 0.115625
0 0.31015625 0.81640625 0.0640625 0.1171875
0 0.38359375 0.6296875 0.065625 0.115625
0 0.3984375 0.38203125 0.0703125 0.115625
0 0.49453125 0.46015625 0.065625 0.115625
0 0.47421875 0.509375 0.06875 0.115625
0 0.54921875 0.4640625 0.0671875 0.1171875
0 0.646875 0.4640625 0.0515625 0.1
0 0.6984375 0.471875 0.0671875 0.121875
0 0.67265625 0.53515625 0.0703125 0.1109375
0 0.5984375 0.5953125 0.059375 0.09375
0 0.6296875 0.59609375 0.05 0.08125
0 0.8890625 0.284375 0.0828125 0.1328125
0 0.81640625 0.85390625 0.034375 0.0546875
0 0.72890625 0.8546875 0.0328125 0.0546875
0 0.4828125 0.8984375 0.053125 0.08125
0 0.2890625 0.70390625 0.04375 0.0734375
0 0.82265625 0.4390625 0.0546875 0.0796875