0 0.40703125 0.40703125 0.065625 0.1078125
0 0.50390625 0.4859375 0.0640625 0.1
0 0.5609375 0.49296875 0.0578125 0.0953125
0 0.71640625 0.5 0.0546875 0.096875
0 0.69453125 0.56484375 0.053125 0.09375
0 0.66328125 0.49453125 0.0390625 0.078125
0 0.03359375 0.64375 0.04375 0.084375
0 0.13828125 0.74140625 0.053125 0.0984375
0 0.16640625 0.71640625 0.05 0.075
0 0.40546875 0.65078125 0.0546875 0.090625
0 0.4859375 0.53046875 0.053125 0.0984375
0 0.62265625 0.62421875 0.0484375 0.078125
0 0.340625 0.83359375 0.05625 0.09375
0 0.3140625 0.72421875 0.0328125 0.0625
0 0.52109375 0.92109375 0.04375 0.0765625
0 0.8578125 0.88046875 0.028125 0.0421875
0 0.90078125 0.31328125 0.0671875 0.115625
0 0.26875 0.83203125 0.059375 0.0953125
0 0.6453125 0.61875 0.0453125 0.0734375
0 0.846875 0.63515625 0.0578125 0.0875