0 0.01171875 0.56640625 0.0234375 0.0890625
0 0.0875 0.67890625 0.0453125 0.096875
0 0.12109375 0.64609375 0.04375 0.090625
0 0.19921875 0.77734375 0.0515625 0.109375
0 0.26796875 0.78671875 0.0484375 0.1109375
0 0.36640625 0.6125 0.0515625 0.109375
0 0.415625 0.36875 0.05625 0.109375
0 0.5 0.46015625 0.0515625 0.109375
0 0.4734375 0.50546875 0.0546875 0.109375
0 0.55390625 0.47109375 0.0515625 0.1109375
0 0.65078125 0.48515625 0.0390625 0.0953125
0 0.70078125 0.5 0.0515625 0.115625
0 0.66640625 0.55859375 0.05625 0.1046875
0 0.584375 0.6078125 0.0484375 0.0875
0 0.61484375 0.61328125 0.0390625 0.0765625
0 0.915625 0.340625 0.065625 0.125
0 0.7640625 0.89453125 0.028125 0.0515625
0 0.67734375 0.8828125 0.0265625 0.0515625
0 0.42734375 0.8921875 0.0421875 0.0765625
0 0.2625 0.67265625 0.034375 0.06875
0 0.828125 0.484375 0.0453125 0.0734375