0 0.33203125 0.81015625 0.134375 0.1640625
0 0.85234375 0.2671875 0.153125 0.13125
0 0.8609375 0.4015625 0.190625 0.234375
0 0.88046875 0.7078125 0.2171875 0.2640625
0 0.91640625 0.55546875 0.1515625 0.140625
0 0.6625 0.75078125 0.134375 0.1875
0 0.40390625 0.6609375 0.1953125 0.215625
0 0.3578125 0.4921875 0.171875 0.153125
0 0.4609375 0.3859375 0.0734375 0.0875
0 0.109375 0.5765625 0.1359375 0.1125
0 0.14921875 0.86953125 0.1921875 0.2609375
0 0.50078125 0.8 0.1078125 0.1453125
0 0.16796875 0.428125 0.1265625 0.1140625