0 0.2484375 0.77109375 0.146875 0.171875
0 0.87734375 0.33046875 0.1625 0.140625
0 0.85703125 0.46328125 0.209375 0.246875
0 0.81015625 0.7671875 0.2390625 0.278125
0 0.878125 0.62421875 0.1625 0.15
0 0.5859375 0.771875 0.1515625 0.1953125
0 0.3515625 0.6390625 0.2109375 0.2296875
0 0.34140625 0.465625 0.1859375 0.1640625
0 0.465625 0.3796875 0.0796875 0.0921875
0 0.07890625 0.50390625 0.1453125 0.121875
0 0.08125 0.80859375 0.1625 0.2984375
0 0.4171875 0.79140625 0.1203125 0.1515625
0 0.16875 0.36875 0.1359375 0.121875