0 0.265625 0.1578125 0.2515625 0.2109375
0 0.56875 0.13046875 0.234375 0.1921875
0 0.7015625 0.1203125 0.1234375 0.159375
0 0.3671875 0.6328125 0.2296875 0.2015625
0 0.17265625 0.903125 0.2734375 0.19375
0 0.21328125 0.55234375 0.1421875 0.1328125
0 0.24140625 0.37890625 0.19375 0.140625
0 0.2234375 0.70859375 0.165625 0.1125
0 0.53203125 0.6390625 0.1546875 0.171875
0 0.628125 0.6796875 0.1390625 0.1390625
0 0.63359375 0.52265625 0.0875 0.071875
0 0.440625 0.0625 0.109375 0.0890625
0 0.6265625 0.81484375 0.1 0.1234375
0 0.48125 0.91171875 0.1234375 0.1390625