0 0.175 0.7578125 0.159375 0.2140625
0 0.1265625 0.45703125 0.14375 0.2
0 0.10703125 0.32578125 0.1375 0.090625
0 0.6421875 0.62265625 0.15625 0.1921875
0 0.92890625 0.7984375 0.1421875 0.2421875
0 0.57265625 0.78203125 0.1046875 0.1171875
0 0.39765625 0.76640625 0.1 0.16875
0 0.72734375 0.76171875 0.0765625 0.146875
0 0.63671875 0.45859375 0.14375 0.1203125
0 0.6703125 0.36015625 0.1140625 0.1125
0 0.51328125 0.36484375 0.0546875 0.075
0 0.06796875 0.58984375 0.065625 0.09375
0 0.80546875 0.35234375 0.1046875 0.075
0 0.91171875 0.48984375 0.115625 0.0953125