0 0.81484375 0.76953125 0.240625 0.196875
0 0.52890625 0.875 0.2234375 0.1796875
0 0.40390625 0.91875 0.115625 0.1515625
0 0.59296875 0.33671875 0.21875 0.190625
0 0.71015625 0.05703125 0.2640625 0.1140625
0 0.76328125 0.375 0.134375 0.125
0 0.78125 0.55 0.184375 0.1296875
0 0.71328125 0.2265625 0.159375 0.103125
0 0.43359375 0.3734375 0.1453125 0.1640625
0 0.33046875 0.359375 0.13125 0.13125
0 0.36484375 0.5125 0.084375 0.06875
0 0.6703125 0.90703125 0.1046875 0.0828125
0 0.296875 0.228125 0.09375 0.1171875
0 0.41171875 0.09765625 0.115625 0.13125