0 0.1984375 0.78515625 0.178125 0.2265625
0 0.12421875 0.48984375 0.1609375 0.2125
0 0.09296875 0.3609375 0.1453125 0.1015625
0 0.65234375 0.61015625 0.171875 0.2046875
0 0.9359375 0.759375 0.128125 0.253125
0 0.596875 0.775 0.1140625 0.1265625
0 0.42109375 0.77421875 0.1140625 0.1765625
0 0.74921875 0.740625 0.0890625 0.153125
0 0.6328125 0.446875 0.153125 0.1328125
0 0.6578125 0.34609375 0.1234375 0.121875
0 0.5015625 0.3640625 0.0609375 0.0796875
0 0.07734375 0.62734375 0.0734375 0.0984375
0 0.79140625 0.3265625 0.1109375 0.084375
0 0.909375 0.45390625 0.1234375 0.1046875