0 0.20390625 0.790625 0.18125 0.2296875
0 0.12421875 0.49609375 0.1640625 0.2140625
0 0.090625 0.36796875 0.146875 0.1046875
0 0.65390625 0.60703125 0.175 0.2078125
0 0.93671875 0.7515625 0.1265625 0.25625
0 0.6015625 0.77265625 0.115625 0.128125
0 0.42578125 0.77578125 0.1171875 0.178125
0 0.753125 0.73671875 0.0921875 0.1546875
0 0.63203125 0.44453125 0.15625 0.134375
0 0.6546875 0.34296875 0.125 0.1234375
0 0.49921875 0.3640625 0.0625 0.0796875
0 0.0796875 0.634375 0.075 0.1
0 0.78828125 0.32109375 0.1125 0.0859375
0 0.90859375 0.446875 0.125 0.10625