0 0.328125 0.121875 0.2515625 0.2109375
0 0.63203125 0.14765625 0.234375 0.1921875
0 0.7640625 0.1609375 0.1234375 0.159375
0 0.34609375 0.6078125 0.2296875 0.2015625
0 0.121875 0.84375 0.24375 0.2
0 0.20859375 0.50234375 0.1421875 0.1328125
0 0.26640625 0.3359375 0.19375 0.140625
0 0.19140625 0.65703125 0.165625 0.1125
0 0.50703125 0.6421875 0.1546875 0.171875
0 0.59453125 0.69921875 0.1390625 0.1390625
0 0.628125 0.5453125 0.0875 0.071875
0 0.5171875 0.059375 0.109375 0.0890625
0 0.56953125 0.83203125 0.1 0.1234375
0 0.41015625 0.90234375 0.1234375 0.1390625