0 0.28359375 0.8 0.128125 0.1578125
0 0.85390625 0.2859375 0.1484375 0.1234375
0 0.85 0.4203125 0.1828125 0.2265625
0 0.840625 0.72734375 0.209375 0.2546875
0 0.890625 0.57734375 0.146875 0.1328125
0 0.61875 0.759375 0.1296875 0.18125
0 0.36953125 0.65625 0.1875 0.2078125
0 0.33828125 0.48515625 0.16875 0.1453125
0 0.4515625 0.384375 0.0703125 0.084375
0 0.0828125 0.55546875 0.1328125 0.10625
0 0.0953125 0.8609375 0.1828125 0.278125
0 0.453125 0.79921875 0.1046875 0.140625
0 0.15546875 0.41015625 0.1234375 0.1078125