0 0.13984375 0.9 0.075 0.128125
0 0.2140625 0.746875 0.0546875 0.078125
0 0.33125 0.85546875 0.059375 0.10625
0 0.38125 0.865625 0.0578125 0.09375
0 0.29765625 0.734375 0.05 0.071875
0 0.409375 0.71328125 0.0453125 0.0765625
0 0.43984375 0.74296875 0.040625 0.0859375
0 0.46484375 0.771875 0.0421875 0.08125
0 0.40625 0.7796875 0.0453125 0.08125
0 0.33828125 0.575 0.05625 0.0765625
0 0.46796875 0.64453125 0.046875 0.075
0 0.5328125 0.71640625 0.0484375 0.0859375
0 0.57265625 0.7703125 0.034375 0.0625
0 0.5453125 0.8015625 0.046875 0.078125
0 0.603125 0.75234375 0.0484375 0.0875
0 0.64765625 0.74140625 0.0453125 0.0765625
0 0.6875 0.7734375 0.0484375 0.078125
0 0.70625 0.76953125 0.0390625 0.09375
0 0.71796875 0.65 0.0390625 0.05625
0 0.76484375 0.70078125 0.034375 0.0578125
0 0.7359375 0.78828125 0.0359375 0.0734375
0 0.99140625 0.7453125 0.0171875 0.046875
0 0.93203125 0.61875 0.0140625 0.0296875
0 0.95234375 0.62734375 0.0171875 0.0390625
0 0.5296875 0.578125 0.053125 0.071875
0 0.8921875 0.7015625 0.0328125 0.05
0 0.89296875 0.71875 0.0375 0.05