0 0.03515625 0.7609375 0.0703125 0.13125
0 0.14921875 0.640625 0.059375 0.08125
0 0.225 0.78125 0.0671875 0.109375
0 0.26875 0.80703125 0.0640625 0.096875
0 0.23203125 0.65546875 0.0546875 0.075
0 0.3453125 0.67265625 0.0515625 0.078125
0 0.3640625 0.71015625 0.0484375 0.0875
0 0.378125 0.7453125 0.0484375 0.0828125
0 0.3203125 0.734375 0.0515625 0.084375
0 0.32265625 0.51796875 0.0625 0.0796875
0 0.42265625 0.6265625 0.053125 0.0765625
0 0.4609375 0.715625 0.0546875 0.0875
0 0.48046875 0.7796875 0.0390625 0.0640625
0 0.4453125 0.8 0.0515625 0.0796875
0 0.515625 0.77265625 0.0546875 0.0890625
0 0.5609375 0.7765625 0.05 0.0796875
0 0.58828125 0.8203125 0.053125 0.0796875
0 0.60703125 0.82265625 0.046875 0.09375
0 0.65703125 0.71328125 0.04375 0.059375
0 0.68515625 0.77578125 0.0390625 0.059375
0 0.6296875 0.84921875 0.0421875 0.075
0 0.890625 0.89375 0.03125 0.0484375
0 0.91875 0.8515625 0.0328125 0.0484375
0 0.86953125 0.75234375 0.0171875 0.0296875
0 0.88671875 0.7671875 0.0203125 0.0390625
0 0.503125 0.58359375 0.0578125 0.075
0 0.80546875 0.81796875 0.0359375 0.0515625
0 0.8 0.834375 0.0421875 0.053125