1 0.6625 0.4015625 0.103125 0.1390625
1 0.3359375 0.6203125 0.1328125 0.2453125
1 0.22734375 0.4625 0.103125 0.1625
1 0.075 0.57109375 0.115625 0.196875
1 0.16015625 0.11640625 0.059375 0.0921875
1 0.06796875 0.13984375 0.0671875 0.096875
1 0.90390625 0.80703125 0.034375 0.0515625
1 0.88515625 0.73046875 0.059375 0.0859375
1 0.80859375 0.85078125 0.03125 0.0578125
1 0.78359375 0.82109375 0.05 0.08125
1 0.60390625 0.8484375 0.0859375 0.1484375
1 0.57421875 0.76953125 0.0625 0.0984375
0 0.7359375 0.78359375 0.0875 0.1375
1 0.66796875 0.690625 0.05 0.0890625
1 0.5390625 0.6984375 0.053125 0.0921875
1 0.3734375 0.46875 0.046875 0.078125
1 0.58203125 0.209375 0.0625 0.078125
1 0.5265625 0.0640625 0.0625 0.078125
1 0.83125 0.39609375 0.0546875 0.08125
1 0.98515625 0.496875 0.0296875 0.0734375
1 0.86875 0.65078125 0.0421875 0.065625
0 0.9921875 0.77265625 0.015625 0.096875
0 0.5984375 0.69453125 0.121875 0.21875
0 0.3640625 0.8625 0.134375 0.221875
1 0.9796875 0.775 0.040625 0.0890625
0 0.95234375 0.65703125 0.0578125 0.0921875
1 0.92734375 0.66171875 0.059375 0.0859375
1 0.80859375 0.70625 0.071875 0.1015625
1 0.5328125 0.78515625 0.090625 0.165625
1 0.2890625 0.640625 0.1 0.234375
1 0.06015625 0.59765625 0.0921875 0.2390625
1 0.13203125 0.93671875 0.05625 0.1265625