0 0.49453125 0.69453125 0.090625 0.1921875
0 0.77734375 0.7484375 0.0859375 0.1609375
0 0.4078125 0.82890625 0.06875 0.13125
0 0.15 0.93046875 0.046875 0.0921875
0 0.15625 0.80234375 0.0453125 0.078125
0 0.36640625 0.8359375 0.05 0.1078125
1 0.71015625 0.53515625 0.096875 0.2140625
1 0.3234375 0.45703125 0.08125 0.1125
1 0.74453125 0.35703125 0.0796875 0.1453125
1 0.934375 0.3875 0.08125 0.178125
1 0.25234375 0.840625 0.0515625 0.08125
1 0.1625 0.51875 0.0546875 0.078125
1 0.3125 0.25703125 0.05625 0.08125
1 0.265625 0.91875 0.0328125 0.053125
1 0.084375 0.90859375 0.025 0.05625
1 0.70234375 0.73203125 0.0640625 0.1359375
1 0.66484375 0.0203125 0.0484375 0.040625
1 0.58671875 0.10859375 0.04375 0.0765625
1 0.76484375 0.01953125 0.0671875 0.0390625
1 0.55 0.7546875 0.0484375 0.0984375
1 0.41484375 0.51484375 0.046875 0.071875
1 0.2984375 0.09296875 0.05625 0.0796875
1 0.3109375 0.80390625 0.059375 0.1265625
1 0.29375 0.90234375 0.053125 0.10625
1 0.23046875 0.75859375 0.034375 0.0609375
1 0.4328125 0.7203125 0.046875 0.090625
1 0.48984375 0.81953125 0.0421875 0.0796875