1 0.6890625 0.5796875 0.0859375 0.1328125
1 0.309375 0.45078125 0.0984375 0.24375
1 0.25078125 0.62890625 0.0828125 0.1578125
1 0.0703125 0.5625 0.0875 0.19375
1 0.2859375 0.96640625 0.046875 0.0671875
1 0.190625 0.96484375 0.053125 0.0703125
1 0.8046875 0.13125 0.028125 0.0515625
1 0.809375 0.209375 0.046875 0.0828125
1 0.7 0.1125 0.025 0.05625
1 0.68359375 0.14765625 0.0390625 0.0796875
1 0.50234375 0.165625 0.065625 0.1453125
1 0.49765625 0.2484375 0.05 0.096875
0 0.6484375 0.1953125 0.0671875 0.134375
1 0.61171875 0.30078125 0.0375 0.0890625
1 0.4828125 0.325 0.040625 0.0921875
1 0.38984375 0.58671875 0.0359375 0.0765625
1 0.6671875 0.784375 0.0546875 0.075
1 0.6578125 0.93671875 0.053125 0.075
1 0.8546875 0.5421875 0.0421875 0.0796875
1 0.98046875 0.40625 0.0328125 0.0703125
1 0.97421875 0.1765625 0.0125 0.0484375
1 0.9625 0.21328125 0.03125 0.05
1 0.94453125 0.17421875 0.0265625 0.0421875
1 0.81640625 0.28984375 0.034375 0.0640625
0 0.91875 0.13671875 0.0390625 0.0953125
0 0.54140625 0.315625 0.0921875 0.2171875
0 0.265625 0.21171875 0.1046875 0.21875
1 0.89140625 0.1421875 0.0375 0.0875
0 0.8953125 0.26328125 0.0453125 0.0921875
1 0.8703125 0.26484375 0.046875 0.084375
1 0.7421875 0.2515625 0.059375 0.096875
1 0.4515625 0.2453125 0.06875 0.1625
1 0.2578125 0.4421875 0.065625 0.234375
1 0.04140625 0.5421875 0.0734375 0.2390625
1 0.01875 0.19609375 0.0375 0.13125