0 0.45390625 0.3109375 0.128125 0.20625
0 0.71953125 0.19921875 0.1171875 0.175
0 0.34140625 0.19765625 0.0953125 0.1421875
0 0.06796875 0.1515625 0.065625 0.1
0 0.10078125 0.27578125 0.059375 0.0859375
0 0.29921875 0.19921875 0.071875 0.1171875
1 0.6984375 0.421875 0.1390625 0.2296875
1 0.3359375 0.57890625 0.103125 0.1265625
1 0.76875 0.5890625 0.1078125 0.159375
1 0.94453125 0.51875 0.1109375 0.190625
1 0.18671875 0.21796875 0.0671875 0.090625
1 0.165625 0.5515625 0.0703125 0.0875
1 0.3671875 0.7765625 0.071875 0.090625
1 0.18359375 0.1390625 0.0421875 0.059375
1 0.01328125 0.18671875 0.0265625 0.0609375
1 0.65 0.23125 0.090625 0.146875
1 0.7609375 0.93515625 0.05625 0.05
1 0.66640625 0.86484375 0.059375 0.084375
1 0.85859375 0.91484375 0.0734375 0.0515625
1 0.49609375 0.240625 0.06875 0.10625
1 0.41328125 0.503125 0.0609375 0.0796875
1 0.3875 0.93984375 0.071875 0.0890625
1 0.2515625 0.2421875 0.084375 0.1359375
1 0.21484375 0.14921875 0.0734375 0.115625
1 0.1828125 0.303125 0.046875 0.0671875
1 0.38828125 0.2984375 0.0640625 0.0984375
1 0.4234375 0.18984375 0.0578125 0.0859375