0 0.51171875 0.69453125 0.1046875 0.19375
0 0.7984375 0.7234375 0.0984375 0.1640625
0 0.43671875 0.83515625 0.078125 0.1328125
0 0.18828125 0.95625 0.0546875 0.0875
0 0.18359375 0.83046875 0.0515625 0.0796875
0 0.39609375 0.84609375 0.0578125 0.1078125
1 0.7125 0.5171875 0.1140625 0.215625
1 0.3203125 0.47265625 0.0890625 0.115625
1 0.73125 0.3359375 0.090625 0.1484375
1 0.9234375 0.35 0.0953125 0.1796875
1 0.2828125 0.8609375 0.0578125 0.084375
1 0.165625 0.54765625 0.059375 0.0796875
1 0.2921875 0.27421875 0.0625 0.084375
1 0.303125 0.9375 0.0359375 0.0546875
1 0.121875 0.94296875 0.0296875 0.0578125
1 0.721875 0.7140625 0.0734375 0.1375
1 0.621875 0.0140625 0.053125 0.028125
1 0.55234375 0.103125 0.05 0.078125
1 0.71953125 0.009375 0.0734375 0.01875
1 0.571875 0.74921875 0.05625 0.1
1 0.41640625 0.52265625 0.053125 0.075
1 0.2640625 0.11171875 0.0625 0.0828125
1 0.33828125 0.81875 0.06875 0.128125
1 0.3296875 0.91875 0.0609375 0.1078125
1 0.25390625 0.78125 0.0375 0.0625
1 0.45234375 0.725 0.0546875 0.0921875
1 0.51796875 0.81953125 0.0484375 0.0796875