1 0.6796875 0.59921875 0.08125 0.13125
1 0.315625 0.43125 0.0890625 0.240625
1 0.23828125 0.6015625 0.0765625 0.15625
1 0.06640625 0.5171875 0.08125 0.1921875
1 0.23828125 0.95078125 0.04375 0.0828125
1 0.1421875 0.9421875 0.0515625 0.0921875
1 0.84140625 0.16484375 0.0265625 0.0515625
1 0.83828125 0.24375 0.0453125 0.08125
1 0.7390625 0.13515625 0.0234375 0.0546875
1 0.71953125 0.16875 0.0359375 0.0796875
1 0.5375 0.1671875 0.0609375 0.14375
1 0.5234375 0.25 0.046875 0.0953125
0 0.6796875 0.2125 0.0625 0.1328125
1 0.63125 0.3140625 0.034375 0.0890625
1 0.5015625 0.32421875 0.0375 0.0921875
1 0.38203125 0.575 0.034375 0.0765625
1 0.63671875 0.8 0.0515625 0.0734375
1 0.6109375 0.95078125 0.05 0.0734375
1 0.8484375 0.5796875 0.040625 0.078125
1 0.9859375 0.45703125 0.028125 0.0703125
1 0.9875 0.2625 0.025 0.05
1 0.9765625 0.22265625 0.025 0.0421875
1 0.83671875 0.32421875 0.03125 0.0640625
0 0.9546875 0.1828125 0.0359375 0.0953125
0 0.56015625 0.32109375 0.0859375 0.2140625
0 0.296875 0.1890625 0.096875 0.215625
1 0.9265625 0.18515625 0.034375 0.0859375
0 0.91796875 0.30625 0.0421875 0.090625
1 0.89296875 0.3046875 0.04375 0.0828125
1 0.76640625 0.278125 0.05625 0.0953125
1 0.47890625 0.24140625 0.0640625 0.1609375
1 0.265625 0.4171875 0.0578125 0.2328125
1 0.03984375 0.49375 0.065625 0.2375
1 0.053125 0.14765625 0.0328125 0.13125