0 0.4984375 0.30546875 0.1171875 0.2
0 0.78203125 0.25625 0.109375 0.171875
0 0.41328125 0.1703125 0.0875 0.1375
0 0.15703125 0.06640625 0.0609375 0.090625
0 0.1609375 0.1921875 0.05625 0.0828125
0 0.371875 0.16171875 0.065625 0.1109375
1 0.7109375 0.46796875 0.128125 0.2234375
1 0.32265625 0.53984375 0.0984375 0.121875
1 0.7421875 0.64765625 0.1 0.153125
1 0.9328125 0.6203125 0.1078125 0.1875
1 0.2578125 0.15546875 0.0640625 0.0875
1 0.16328125 0.47578125 0.0640625 0.084375
1 0.30859375 0.73984375 0.06875 0.0890625
1 0.2734375 0.07734375 0.040625 0.0578125
1 0.0921875 0.084375 0.034375 0.059375
1 0.70625 0.27109375 0.084375 0.1421875
1 0.65546875 0.9765625 0.0546875 0.03125
1 0.5796875 0.8921875 0.0546875 0.08125
1 0.753125 0.97421875 0.075 0.0234375
1 0.5546875 0.24609375 0.0625 0.103125
1 0.41484375 0.48359375 0.0578125 0.078125
1 0.29140625 0.90390625 0.06875 0.0875
1 0.31640625 0.19296875 0.078125 0.1328125
1 0.30078125 0.09453125 0.0671875 0.1109375
1 0.23515625 0.23671875 0.0421875 0.065625
1 0.43671875 0.27890625 0.0609375 0.096875
1 0.4953125 0.1796875 0.053125 0.0828125