1 0.6828125 0.446875 0.1359375 0.1625
1 0.31015625 0.5734375 0.1921875 0.271875
1 0.24609375 0.39296875 0.1421875 0.184375
1 0.07578125 0.45859375 0.1515625 0.2203125
1 0.2703125 0.046875 0.08125 0.09375
1 0.175 0.04765625 0.090625 0.0953125
1 0.8109375 0.90078125 0.046875 0.059375
1 0.8125 0.82265625 0.0796875 0.0984375
1 0.70703125 0.91875 0.0453125 0.0640625
1 0.690625 0.88359375 0.06875 0.0921875
1 0.51015625 0.86328125 0.121875 0.165625
1 0.5015625 0.7796875 0.0859375 0.1109375
0 0.6546875 0.83515625 0.1203125 0.1546875
1 0.61328125 0.72734375 0.071875 0.0984375
1 0.48671875 0.7015625 0.075 0.1015625
1 0.3859375 0.43671875 0.065625 0.0875
1 0.6546875 0.240625 0.08125 0.0921875
1 0.63828125 0.0859375 0.08125 0.0921875
1 0.846875 0.48515625 0.075 0.0921875
1 0.96953125 0.62265625 0.0484375 0.0796875
1 0.8171875 0.74140625 0.0578125 0.075
0 0.9046875 0.890625 0.040625 0.096875
0 0.54453125 0.71328125 0.175 0.2421875
0 0.275 0.81484375 0.1875 0.2484375
1 0.8921875 0.88984375 0.0625 0.0953125
0 0.89609375 0.76875 0.0796875 0.1046875
1 0.87109375 0.7671875 0.0796875 0.0984375
1 0.74453125 0.77890625 0.0953125 0.115625
1 0.4578125 0.78359375 0.1296875 0.1828125
1 0.26015625 0.58125 0.1578125 0.2515625
1 0.0625 0.48046875 0.125 0.2546875
1 0.0375 0.8265625 0.075 0.1375