0 0.5046875 0.30546875 0.1109375 0.196875
0 0.790625 0.26640625 0.103125 0.16875
0 0.425 0.1671875 0.0828125 0.1359375
0 0.17265625 0.0546875 0.0578125 0.0890625
0 0.171875 0.18046875 0.0546875 0.08125
0 0.384375 0.1578125 0.0609375 0.109375
1 0.71171875 0.47578125 0.1203125 0.21875
1 0.32109375 0.53359375 0.09375 0.11875
1 0.73671875 0.65625 0.0953125 0.15
1 0.928125 0.63515625 0.1015625 0.184375
1 0.2703125 0.146875 0.0609375 0.0859375
1 0.1640625 0.4640625 0.0625 0.08125
1 0.3 0.7328125 0.065625 0.0859375
1 0.28828125 0.06953125 0.0390625 0.05625
1 0.10703125 0.0703125 0.0328125 0.059375
1 0.7140625 0.278125 0.0796875 0.140625
1 0.6390625 0.98125 0.0546875 0.0296875
1 0.56640625 0.89453125 0.053125 0.0796875
1 0.73671875 0.9828125 0.0734375 0.021875
1 0.56328125 0.2484375 0.059375 0.1015625
1 0.415625 0.48046875 0.05625 0.0765625
1 0.278125 0.89609375 0.065625 0.084375
1 0.32734375 0.18671875 0.0734375 0.1296875
1 0.31484375 0.0875 0.0640625 0.109375
1 0.24453125 0.22734375 0.0390625 0.0640625
1 0.44453125 0.2765625 0.0578125 0.0953125
1 0.50703125 0.1796875 0.0515625 0.08125