0 0.5078125 0.69453125 0.1046875 0.1953125
0 0.79453125 0.72890625 0.0953125 0.1640625
0 0.43125 0.834375 0.075 0.1328125
0 0.1796875 0.953125 0.053125 0.09375
0 0.178125 0.825 0.0515625 0.0796875
0 0.390625 0.84453125 0.05625 0.109375
1 0.7125 0.52109375 0.1125 0.2171875
1 0.3203125 0.46953125 0.0890625 0.115625
1 0.734375 0.33984375 0.0890625 0.1484375
1 0.92578125 0.3578125 0.0921875 0.1796875
1 0.2765625 0.85703125 0.05625 0.084375
1 0.16484375 0.5421875 0.059375 0.0796875
1 0.29609375 0.2703125 0.0609375 0.0828125
1 0.2953125 0.93359375 0.0359375 0.0546875
1 0.1140625 0.9359375 0.0296875 0.0578125
1 0.71796875 0.7171875 0.0734375 0.140625
1 0.63046875 0.015625 0.0515625 0.03125
1 0.559375 0.10390625 0.046875 0.0765625
1 0.7296875 0.01171875 0.071875 0.0234375
1 0.5671875 0.75078125 0.05625 0.1
1 0.415625 0.52109375 0.0515625 0.0734375
1 0.27109375 0.1078125 0.0609375 0.08125
1 0.3328125 0.81640625 0.0671875 0.128125
1 0.32265625 0.915625 0.059375 0.1078125
1 0.2484375 0.7765625 0.0375 0.0625
1 0.4484375 0.72421875 0.053125 0.0921875
1 0.51171875 0.81953125 0.046875 0.0796875