1 0.6265625 0.3515625 0.1625 0.1875
1 0.65703125 0.52578125 0.140625 0.175
1 0.67421875 0.67890625 0.1375 0.1609375
1 0.4421875 0.84296875 0.1828125 0.215625
1 0.45546875 0.40859375 0.175 0.209375
1 0.7609375 0.28828125 0.1265625 0.1421875
0 0.97109375 0.5921875 0.0578125 0.240625
0 0.93046875 0.603125 0.1390625 0.21875
0 0.8515625 0.56640625 0.225 0.2734375
0 0.62109375 0.6296875 0.1734375 0.2046875
1 0.5765625 0.73125 0.1375 0.159375
0 0.584375 0.7359375 0.178125 0.2078125
0 0.3015625 0.49375 0.2359375 0.28125
0 0.3765625 0.6921875 0.2171875 0.259375
0 0.34921875 0.9234375 0.1828125 0.153125
0 0.23984375 0.9046875 0.1953125 0.190625
0 0.740625 0.1875 0.1546875 0.1609375
1 0.69375 0.30703125 0.1328125 0.1703125
1 0.7265625 0.7890625 0.1109375 0.121875