0 0.15078125 0.91796875 0.2296875 0.1359375
0 0.25 0.74921875 0.21875 0.15
0 0.18046875 0.8171875 0.171875 0.109375
0 0.596875 0.31796875 0.2375 0.1703125
0 0.24765625 0.05859375 0.1953125 0.10625
0 0.159375 0.1140625 0.2015625 0.1375
0 0.38984375 0.26640625 0.2171875 0.1640625
0 0.62890625 0.8453125 0.171875 0.128125
1 0.39609375 0.6078125 0.1515625 0.096875
1 0.553125 0.66640625 0.14375 0.1078125
1 0.54296875 0.81640625 0.115625 0.0765625
1 0.56640625 0.74140625 0.15 0.10625
1 0.58359375 0.4859375 0.18125 0.115625
1 0.69609375 0.3875 0.1015625 0.06875
1 0.2375 0.26171875 0.1984375 0.128125
1 0.240625 0.525 0.1125 0.0796875
1 0.11953125 0.528125 0.096875 0.0875
1 0.34765625 0.3984375 0.075 0.05625
1 0.3765625 0.190625 0.175 0.0953125
1 0.7484375 0.51484375 0.1828125 0.1515625