0 0.05859375 0.81875 0.1078125 0.215625
0 0.23359375 0.73203125 0.121875 0.203125
0 0.16171875 0.796875 0.0875 0.1609375
0 0.6890625 0.41640625 0.140625 0.2203125
0 0.93828125 0.784375 0.1125 0.1828125
0 0.86171875 0.86640625 0.1140625 0.1859375
0 0.72578125 0.62578125 0.1375 0.1984375
0 0.16484375 0.34765625 0.10625 0.1578125
1 0.38515625 0.59609375 0.078125 0.1421875
1 0.33828125 0.43515625 0.0921875 0.1328125
1 0.18671875 0.43515625 0.0625 0.1078125
1 0.26328125 0.4171875 0.0875 0.1375
1 0.51953125 0.4171875 0.0953125 0.16875
1 0.62578125 0.3125 0.0546875 0.0953125
1 0.71953125 0.778125 0.1015625 0.184375
1 0.45703125 0.75703125 0.065625 0.103125
1 0.4453125 0.87734375 0.075 0.0875
1 0.590625 0.65859375 0.046875 0.0703125
1 0.8 0.64453125 0.0734375 0.1671875
1 0.50234375 0.2515625 0.1296875 0.165625