1 0.35234375 0.43984375 0.11875 0.1609375
1 0.38046875 0.61640625 0.096875 0.1515625
1 0.415625 0.76796875 0.096875 0.134375
1 0.6875 0.859375 0.1328125 0.1828125
1 0.53203125 0.44609375 0.1234375 0.18125
1 0.2046875 0.415625 0.090625 0.1203125
0 0.05234375 0.77890625 0.1046875 0.2296875
0 0.13515625 0.771875 0.115625 0.19375
0 0.2109375 0.71015625 0.15625 0.2375
0 0.45 0.7046875 0.1234375 0.1765625
1 0.525 0.790625 0.0984375 0.1359375
0 0.51875 0.79765625 0.128125 0.178125
0 0.7046875 0.48359375 0.16875 0.2390625
0 0.7 0.6953125 0.153125 0.221875
0 0.8125 0.925 0.128125 0.15
0 0.9046875 0.8859375 0.1359375 0.209375
0 0.19140625 0.31328125 0.115625 0.134375
1 0.275 0.41484375 0.090625 0.1484375
1 0.4015625 0.88828125 0.08125 0.1015625