0 0.0703125 0.16640625 0.115625 0.21875
0 0.2421875 0.25859375 0.128125 0.2078125
0 0.17265625 0.19140625 0.09375 0.1640625
0 0.6859375 0.58984375 0.1484375 0.225
0 0.94375 0.23046875 0.1125 0.1859375
0 0.87421875 0.14609375 0.1203125 0.1890625
0 0.7296875 0.38203125 0.14375 0.203125
0 0.159375 0.640625 0.1109375 0.1609375
1 0.38828125 0.4 0.0828125 0.1453125
1 0.3359375 0.559375 0.096875 0.1359375
1 0.184375 0.55390625 0.065625 0.109375
1 0.26015625 0.57421875 0.0921875 0.140625
1 0.51640625 0.58359375 0.1015625 0.171875
1 0.61953125 0.69140625 0.0578125 0.096875
1 0.72890625 0.2296875 0.1078125 0.1875
1 0.46640625 0.24140625 0.06875 0.1046875
1 0.45859375 0.12109375 0.078125 0.090625
1 0.59609375 0.34453125 0.05 0.071875
1 0.8046875 0.36640625 0.0796875 0.1703125
1 0.49375 0.7484375 0.1359375 0.1703125