0 0.2703125 0.0390625 0.23125 0.078125
0 0.3234375 0.19453125 0.221875 0.1578125
0 0.2734375 0.1109375 0.175 0.1171875
0 0.54609375 0.7015625 0.2421875 0.1796875
0 0.1375 0.87578125 0.2 0.1453125
0 0.08671875 0.78515625 0.1734375 0.1453125
0 0.33359375 0.69765625 0.2203125 0.1734375
0 0.71328125 0.2 0.1734375 0.134375
1 0.42734375 0.36875 0.153125 0.103125
1 0.59453125 0.35390625 0.146875 0.1140625
1 0.6234375 0.2046875 0.115625 0.08125
1 0.6265625 0.28359375 0.1515625 0.1125
1 0.57734375 0.53515625 0.1828125 0.125
1 0.66015625 0.659375 0.103125 0.0734375
1 0.18515625 0.6625 0.2 0.1359375
1 0.25625 0.40859375 0.1140625 0.084375
1 0.13984375 0.37421875 0.1 0.090625
1 0.32734375 0.55859375 0.0765625 0.059375
1 0.30078125 0.7671875 0.1765625 0.1015625
1 0.74375 0.55 0.1875 0.1578125