1 0.34609375 0.4578125 0.1171875 0.159375
1 0.39609375 0.6296875 0.0953125 0.15
1 0.4484375 0.7765625 0.0953125 0.1328125
1 0.7296875 0.83359375 0.1296875 0.18125
1 0.525 0.4421875 0.1203125 0.1796875
1 0.19609375 0.45234375 0.0890625 0.11875
0 0.078125 0.83359375 0.1265625 0.228125
0 0.1703125 0.81484375 0.1125 0.1921875
0 0.2390625 0.74375 0.153125 0.2359375
0 0.475 0.709375 0.121875 0.175
1 0.56015625 0.78515625 0.096875 0.134375
0 0.5546875 0.79296875 0.125 0.1765625
0 0.7015625 0.45859375 0.165625 0.2375
0 0.72265625 0.66953125 0.15 0.2203125
0 0.8640625 0.896875 0.1265625 0.175
0 0.940625 0.83359375 0.11875 0.2078125
0 0.17109375 0.35234375 0.1140625 0.1328125
1 0.26640625 0.44296875 0.0890625 0.1484375
1 0.45 0.89765625 0.0796875 0.1