0 0.3125 0.76875 0.1328125 0.19375
1 0.3609375 0.81328125 0.0796875 0.096875
0 0.38984375 0.72265625 0.1109375 0.146875
0 0.35234375 0.6203125 0.1078125 0.14375
0 0.44921875 0.4328125 0.1625 0.2203125
1 0.65625 0.64609375 0.0765625 0.121875
0 0.71484375 0.6796875 0.065625 0.0796875
0 0.759375 0.63828125 0.08125 0.1109375
0 0.80546875 0.59140625 0.0890625 0.1265625
1 0.63671875 0.39140625 0.0765625 0.1046875
1 0.63515625 0.32109375 0.0875 0.1046875
0 0.65546875 0.2453125 0.10625 0.1546875
1 0.08046875 0.57890625 0.15 0.225
1 0.63359375 0.646875 0.0859375 0.125
1 0.65546875 0.5765625 0.071875 0.096875
1 0.68984375 0.6 0.06875 0.1015625
1 0.90390625 0.64375 0.09375 0.11875
1 0.93515625 0.5734375 0.078125 0.1140625
1 0.871875 0.40703125 0.1 0.13125
1 0.34140625 0.2921875 0.103125 0.1296875
1 0.27890625 0.14921875 0.1109375 0.1515625
1 0.3296875 0.06796875 0.0890625 0.115625
1 0.1875 0.24609375 0.1546875 0.1921875
1 0.03359375 0.5859375 0.0671875 0.1625
1 0.36875 0.92578125 0.0953125 0.10625
1 0.57109375 0.31796875 0.1125 0.153125
1 0.58984375 0.459375 0.0875 0.109375
1 0.7 0.36484375 0.065625 0.09375
1 0.7359375 0.50546875 0.0625 0.0921875
1 0.7796875 0.5015625 0.0875 0.1203125
1 0.9546875 0.384375 0.090625 0.153125