0 0.5765625 0.17109375 0.140625 0.19375
1 0.51328125 0.153125 0.0828125 0.096875
0 0.5265625 0.2453125 0.1171875 0.146875
0 0.60390625 0.321875 0.1125 0.14375
0 0.59609375 0.53359375 0.1671875 0.21875
1 0.31875 0.43125 0.08125 0.1203125
0 0.25 0.425 0.0671875 0.0796875
0 0.22734375 0.4828125 0.0875 0.1109375
0 0.20625 0.54375 0.0921875 0.128125
1 0.44453125 0.65078125 0.078125 0.1046875
1 0.4765625 0.7140625 0.090625 0.103125
0 0.490625 0.78984375 0.1109375 0.1546875
1 0.86796875 0.24140625 0.1546875 0.221875
1 0.3390625 0.41953125 0.0890625 0.125
1 0.34765625 0.49296875 0.0734375 0.0984375
1 0.30703125 0.4859375 0.071875 0.1015625
1 0.0953125 0.5390625 0.096875 0.11875
1 0.096875 0.61640625 0.08125 0.115625
1 0.2265625 0.7390625 0.103125 0.1296875
1 0.7546875 0.61171875 0.1078125 0.1296875
1 0.871875 0.7140625 0.1140625 0.1515625
1 0.8609375 0.809375 0.09375 0.1171875
1 0.9140625 0.5875 0.1578125 0.190625
1 0.92265625 0.20703125 0.1078125 0.1625
1 0.4578125 0.05625 0.0984375 0.103125
1 0.5359375 0.68828125 0.1171875 0.153125
1 0.45703125 0.56953125 0.0921875 0.1109375
1 0.4 0.70234375 0.0703125 0.0953125
1 0.30546875 0.590625 0.065625 0.0921875
1 0.2671875 0.61328125 0.090625 0.1203125
1 0.15390625 0.796875 0.10625 0.153125