0 0.11953125 0.44140625 0.1484375 0.271875
0 0.50390625 0.6796875 0.0796875 0.1359375
0 0.2609375 0.4765625 0.1203125 0.1640625
0 0.3 0.3859375 0.09375 0.1953125
0 0.5625 0.72890625 0.053125 0.1171875
0 0.6140625 0.68984375 0.0640625 0.0875
0 0.62109375 0.56015625 0.05 0.096875
0 0.73984375 0.70234375 0.0390625 0.0828125
0 0.69453125 0.6484375 0.03125 0.06875
0 0.71953125 0.5328125 0.021875 0.0484375
1 0.21796875 0.425 0.06875 0.11875
1 0.33984375 0.55859375 0.0921875 0.1265625
1 0.2296875 0.3140625 0.0859375 0.1109375
1 0.22734375 0.11484375 0.0796875 0.15
1 0.315625 0.15390625 0.078125 0.115625
1 0.48515625 0.11953125 0.0625 0.0640625
1 0.56015625 0.25625 0.0515625 0.065625
1 0.56328125 0.5671875 0.0453125 0.0703125
1 0.7625 0.61484375 0.053125 0.09375
1 0.65 0.678125 0.03125 0.06875
1 0.80859375 0.64140625 0.0265625 0.0546875
1 0.82109375 0.5265625 0.0328125 0.059375