0 0.115625 0.51796875 0.1484375 0.2703125
0 0.52265625 0.321875 0.0796875 0.1359375
0 0.26015625 0.4984375 0.11875 0.1640625
0 0.2890625 0.5921875 0.09375 0.1953125
0 0.5859375 0.27890625 0.053125 0.115625
0 0.63359375 0.3234375 0.0640625 0.0875
0 0.6265625 0.45234375 0.05 0.096875
0 0.759375 0.3234375 0.0390625 0.0828125
0 0.709375 0.37265625 0.03125 0.06875
0 0.721875 0.490625 0.021875 0.05
1 0.2109375 0.5453125 0.0703125 0.11875
1 0.346875 0.425 0.0921875 0.1265625
1 0.21171875 0.65703125 0.0890625 0.1109375
1 0.1890625 0.8546875 0.0796875 0.15
1 0.28046875 0.825 0.0765625 0.11875
1 0.44609375 0.8765625 0.0640625 0.0640625
1 0.534375 0.74921875 0.0515625 0.065625
1 0.56953125 0.43984375 0.0453125 0.0734375
1 0.77265625 0.41328125 0.053125 0.09375
1 0.66796875 0.33828125 0.03125 0.0671875
1 0.821875 0.39140625 0.0265625 0.05625
1 0.821875 0.5078125 0.0328125 0.0578125