0 0.3765625 0.13515625 0.29375 0.2
0 0.67734375 0.47265625 0.1484375 0.1046875
0 0.43515625 0.26875 0.1828125 0.15
0 0.35390625 0.3234375 0.2078125 0.13125
0 0.7359375 0.521875 0.125 0.0765625
0 0.70703125 0.5796875 0.0984375 0.0796875
0 0.58046875 0.60859375 0.1046875 0.06875
0 0.740625 0.70078125 0.0875 0.0546875
0 0.6796875 0.66640625 0.0734375 0.04375
0 0.5703125 0.71015625 0.05 0.03125
1 0.3765625 0.23515625 0.1296875 0.090625
1 0.5296875 0.33203125 0.140625 0.1140625
1 0.26953125 0.26640625 0.125 0.1078125
1 0.07734375 0.29765625 0.1546875 0.1109375
1 0.12734375 0.37890625 0.128125 0.0984375
1 0.1234375 0.55234375 0.075 0.075
1 0.2703125 0.6015625 0.075 0.0640625
1 0.57734375 0.55 0.0765625 0.059375
1 0.65859375 0.73828125 0.1015625 0.0703125
1 0.7015625 0.6171875 0.071875 0.0453125
1 0.69296875 0.7796875 0.0578125 0.0375
1 0.58203125 0.81171875 0.0640625 0.04375