1 0.06640625 0.80546875 0.05625 0.1453125
1 0.1125 0.48984375 0.1015625 0.1625
1 0.20625 0.68671875 0.121875 0.1671875
1 0.31171875 0.7265625 0.18125 0.225
1 0.5703125 0.63828125 0.1453125 0.228125
1 0.65859375 0.54296875 0.1140625 0.1828125
1 0.63984375 0.81328125 0.1265625 0.1765625
1 0.58125 0.9 0.0828125 0.109375
1 0.5484375 0.78359375 0.0640625 0.0953125
1 0.88203125 0.878125 0.140625 0.1546875
1 0.9671875 0.85078125 0.065625 0.1109375
1 0.96015625 0.92265625 0.075 0.053125
1 0.9734375 0.66328125 0.053125 0.190625
1 0.9484375 0.55546875 0.0953125 0.11875
1 0.31953125 0.91796875 0.15 0.125
1 0.04140625 0.52265625 0.0328125 0.1015625
1 0.04921875 0.4109375 0.059375 0.1296875
1 0.4546875 0.2328125 0.096875 0.1625
1 0.61484375 0.23203125 0.121875 0.1875
0 0.50859375 0.425 0.215625 0.2984375
1 0.57109375 0.3125 0.06875 0.0875
0 0.09609375 0.33515625 0.1359375 0.209375
0 0.20625 0.403125 0.1609375 0.2578125
0 0.3046875 0.5109375 0.1984375 0.2765625
0 0.440625 0.628125 0.1859375 0.309375
0 0.7625 0.82265625 0.1859375 0.28125
0 0.8796875 0.68203125 0.19375 0.2390625