1 0.97578125 0.84375 0.0484375 0.1390625
1 0.92265625 0.52734375 0.0890625 0.1546875
1 0.83203125 0.7234375 0.109375 0.1578125
1 0.72734375 0.7625 0.1625 0.209375
1 0.46796875 0.67265625 0.125 0.215625
1 0.378125 0.5765625 0.1 0.1734375
1 0.4015625 0.846875 0.1125 0.1671875
1 0.4609375 0.934375 0.0734375 0.1015625
1 0.4921875 0.81796875 0.0578125 0.090625
1 0.16015625 0.9203125 0.128125 0.159375
1 0.0734375 0.8828125 0.0609375 0.10625
1 0.08203125 0.965625 0.0703125 0.06875
1 0.04765625 0.6953125 0.071875 0.1828125
1 0.08828125 0.5875 0.0859375 0.1109375
1 0.7234375 0.94921875 0.1390625 0.1015625
1 0.990625 0.56171875 0.01875 0.1
1 0.9796875 0.44921875 0.040625 0.125
1 0.57578125 0.26875 0.084375 0.1546875
1 0.41640625 0.2671875 0.10625 0.1765625
0 0.525 0.46015625 0.1890625 0.2796875
1 0.4609375 0.34765625 0.0609375 0.08125
0 0.9359375 0.3734375 0.11875 0.196875
0 0.82734375 0.43984375 0.140625 0.2421875
0 0.73046875 0.54765625 0.1765625 0.2578125
0 0.59765625 0.66328125 0.1609375 0.29375
0 0.27890625 0.8609375 0.1609375 0.278125
0 0.159375 0.71484375 0.171875 0.221875