1 0.10078125 0.84921875 0.071875 0.15
1 0.11328125 0.53046875 0.1171875 0.171875
1 0.22734375 0.71640625 0.1390625 0.1796875
1 0.33671875 0.7453125 0.203125 0.2421875
1 0.584375 0.63046875 0.16875 0.2421875
1 0.6625 0.52578125 0.1328125 0.19375
1 0.671875 0.796875 0.14375 0.1890625
1 0.62265625 0.8890625 0.09375 0.1171875
1 0.578125 0.77734375 0.075 0.1015625
1 0.91953125 0.8359375 0.15625 0.16875
1 0.98125 0.79921875 0.0375 0.1171875
1 0.98046875 0.87109375 0.0390625 0.0609375
1 0.97578125 0.61328125 0.0484375 0.1953125
1 0.9484375 0.5078125 0.103125 0.128125
1 0.3640625 0.93203125 0.1625 0.1359375
1 0.04609375 0.5703125 0.04375 0.1046875
1 0.0421875 0.45859375 0.071875 0.134375
1 0.42734375 0.2390625 0.1140625 0.171875
1 0.5859375 0.221875 0.140625 0.1984375
0 0.50078125 0.42421875 0.2453125 0.3203125
1 0.55078125 0.30625 0.078125 0.09375
0 0.08125 0.378125 0.1578125 0.221875
0 0.19765625 0.434375 0.1875 0.271875
0 0.30703125 0.53125 0.225 0.296875
0 0.4546875 0.63359375 0.21875 0.3265625
0 0.79453125 0.79375 0.215625 0.3
0 0.89375 0.64140625 0.2125 0.2578125