1 0.91796875 0.43125 0.121875 0.1703125
1 0.8734375 0.64296875 0.1421875 0.1796875
1 0.78046875 0.7046875 0.2046875 0.240625
1 0.5078125 0.67578125 0.1703125 0.2375
1 0.3984375 0.60234375 0.1359375 0.190625
1 0.48203125 0.86015625 0.146875 0.1890625
1 0.559375 0.93203125 0.09375 0.1140625
1 0.5640625 0.81171875 0.078125 0.1015625
1 0.26328125 0.946875 0.1609375 0.10625
1 0.16953125 0.9546875 0.0828125 0.090625
1 0.103125 0.7921875 0.1109375 0.1953125
1 0.11875 0.678125 0.109375 0.128125
1 0.81875 0.8875 0.159375 0.1296875
1 0.9859375 0.44921875 0.028125 0.1015625
1 0.95625 0.34296875 0.0671875 0.13125
1 0.521875 0.2578125 0.1171875 0.1703125
1 0.36640625 0.2921875 0.14375 0.196875
0 0.515625 0.45546875 0.246875 0.315625
1 0.42734375 0.36015625 0.0765625 0.0921875
0 0.89609375 0.27890625 0.159375 0.21875
0 0.80546875 0.36796875 0.1921875 0.2671875
0 0.73515625 0.49453125 0.2296875 0.290625
0 0.63203125 0.6375 0.2234375 0.321875
0 0.365625 0.8734375 0.21875 0.253125
0 0.21640625 0.7859375 0.2171875 0.2546875