1 0.03125 0.73359375 0.0625 0.1515625
1 0.11875 0.4296875 0.125 0.1765625
1 0.18046875 0.63828125 0.146875 0.184375
1 0.27890625 0.69453125 0.2140625 0.25
1 0.54765625 0.64765625 0.1796875 0.2484375
1 0.65 0.5671875 0.140625 0.1984375
1 0.5890625 0.83125 0.153125 0.19375
1 0.51796875 0.9078125 0.0984375 0.1203125
1 0.503125 0.7875 0.0796875 0.1046875
1 0.8171875 0.92265625 0.1625 0.1546875
1 0.90625 0.91953125 0.0828125 0.1203125
1 0.88828125 0.978125 0.0828125 0.04375
1 0.9421875 0.73515625 0.0828125 0.196875
1 0.934375 0.625 0.1140625 0.1328125
1 0.25625 0.884375 0.1671875 0.146875
1 0.04375 0.45078125 0.0484375 0.1046875
1 0.06875 0.34140625 0.078125 0.1359375
1 0.496875 0.22890625 0.121875 0.175
1 0.65546875 0.253125 0.15 0.2046875
0 0.5203125 0.42734375 0.259375 0.3296875
1 0.59921875 0.32578125 0.08125 0.096875
0 0.1265625 0.27421875 0.1671875 0.228125
0 0.225 0.35859375 0.2 0.2796875
0 0.30546875 0.48046875 0.2390625 0.3046875
0 0.42109375 0.6171875 0.2328125 0.334375
0 0.7078125 0.853125 0.228125 0.29375
0 0.846875 0.7390625 0.228125 0.2671875