0 0.0890625 0.55546875 0.1421875 0.1578125
0 0.08828125 0.68359375 0.140625 0.165625
0 0.2578125 0.765625 0.128125 0.1734375
0 0.49609375 0.56796875 0.075 0.10625
0 0.6875 0.73359375 0.1265625 0.15625
0 0.821875 0.75390625 0.1125 0.153125
0 0.83515625 0.86953125 0.1234375 0.1609375
1 0.921875 0.875 0.0640625 0.096875
1 0.41171875 0.68046875 0.1109375 0.140625
1 0.34765625 0.76171875 0.0984375 0.1265625
1 0.17578125 0.69921875 0.0859375 0.090625
1 0.23359375 0.63671875 0.103125 0.121875
1 0.29140625 0.66875 0.096875 0.1296875
1 0.609375 0.609375 0.0828125 0.103125
1 0.57109375 0.5375 0.0625 0.0875
1 0.5734375 0.37109375 0.0734375 0.0875
1 0.71328125 0.39765625 0.084375 0.1265625
1 0.59453125 0.2875 0.0875 0.0953125
1 0.75078125 0.5203125 0.0890625 0.13125
1 0.8234375 0.48203125 0.0890625 0.11875
1 0.815625 0.4125 0.0671875 0.08125
1 0.5109375 0.29921875 0.0609375 0.084375
1 0.98359375 0.48359375 0.0328125 0.1015625