0 0.50234375 0.91484375 0.1734375 0.1609375
0 0.375 0.9265625 0.18125 0.146875
0 0.27109375 0.7765625 0.1875 0.15
0 0.4328125 0.51328125 0.115625 0.0875
0 0.2421875 0.346875 0.16875 0.14375
0 0.20390625 0.21640625 0.165625 0.13125
0 0.08671875 0.21953125 0.1734375 0.1421875
1 0.06953125 0.134375 0.103125 0.075
1 0.3328125 0.61171875 0.153125 0.1265625
1 0.2625 0.68671875 0.1359375 0.1125
1 0.34765625 0.84921875 0.1015625 0.0984375
1 0.4015625 0.78203125 0.134375 0.11875
1 0.36171875 0.73046875 0.1390625 0.1125
1 0.37734375 0.40703125 0.1125 0.0953125
1 0.45390625 0.43515625 0.09375 0.0734375
1 0.61796875 0.409375 0.096875 0.0859375
1 0.571875 0.275 0.1328125 0.0984375
1 0.69765625 0.37734375 0.1046875 0.0984375
1 0.4453125 0.25390625 0.140625 0.1046875
1 0.471875 0.17734375 0.1265625 0.103125
1 0.54296875 0.17578125 0.0859375 0.0765625
1 0.69765625 0.4609375 0.090625 0.071875
1 0.44765625 0.02109375 0.103125 0.0421875