0 0.1234375 0.67265625 0.140625 0.15625
0 0.16015625 0.79609375 0.1375 0.1640625
0 0.34609375 0.82421875 0.1265625 0.171875
0 0.51640625 0.56640625 0.0734375 0.10625
0 0.74765625 0.66875 0.1234375 0.1546875
0 0.88203125 0.64921875 0.109375 0.1515625
0 0.92890625 0.75546875 0.121875 0.159375
1 0.990625 0.7359375 0.01875 0.096875
1 0.46875 0.6984375 0.109375 0.1390625
1 0.43125 0.79453125 0.096875 0.1265625
1 0.2484375 0.78515625 0.0859375 0.0890625
1 0.28515625 0.70859375 0.1015625 0.121875
1 0.35 0.72265625 0.0953125 0.128125
1 0.63671875 0.57265625 0.08125 0.103125
1 0.57890625 0.51484375 0.0609375 0.0875
1 0.5328125 0.3546875 0.0734375 0.0875
1 0.67421875 0.33984375 0.0828125 0.1265625
1 0.528125 0.26875 0.0859375 0.09375
1 0.7453125 0.44609375 0.0859375 0.13125
1 0.80390625 0.38828125 0.0875 0.1171875
1 0.77578125 0.32421875 0.065625 0.0796875
1 0.45234375 0.3046875 0.0609375 0.084375
1 0.96484375 0.340625 0.046875 0.1