0 0.3875 0.89921875 0.1953125 0.1859375
0 0.26015625 0.88203125 0.203125 0.184375
0 0.20390625 0.70234375 0.20625 0.178125
0 0.43203125 0.49375 0.1265625 0.1046875
0 0.29453125 0.28203125 0.1890625 0.16875
0 0.29296875 0.14609375 0.1828125 0.1546875
0 0.18046875 0.11640625 0.1921875 0.1671875
1 0.1859375 0.0375 0.1125 0.075
1 0.30859375 0.56171875 0.1703125 0.15
1 0.2203125 0.6140625 0.1515625 0.1328125
1 0.2578125 0.79375 0.1140625 0.1125
1 0.32734375 0.74375 0.15 0.1390625
1 0.30390625 0.68359375 0.1546875 0.134375
1 0.40703125 0.3765625 0.125 0.1109375
1 0.4734375 0.425 0.103125 0.0875
1 0.63828125 0.4453125 0.1078125 0.0984375
1 0.63125 0.303125 0.1453125 0.11875
1 0.72421875 0.4359375 0.11875 0.1140625
1 0.515625 0.2484375 0.1546875 0.125
1 0.56171875 0.18203125 0.1390625 0.121875
1 0.63125 0.2 0.096875 0.0890625
1 0.70078125 0.51640625 0.1 0.084375
1 0.58046875 0.02734375 0.1078125 0.0546875