0 0.2140625 0.8 0.196875 0.1859375
0 0.10859375 0.725 0.203125 0.1859375
0 0.14296875 0.53984375 0.20625 0.1765625
0 0.4421875 0.46328125 0.1265625 0.1046875
0 0.42109375 0.21015625 0.1890625 0.16875
0 0.48359375 0.08984375 0.1828125 0.15625
0 0.39609375 0.04765625 0.1890625 0.0953125
1 0.3015625 0.46484375 0.1703125 0.15
1 0.19921875 0.46953125 0.153125 0.1328125
1 0.1484375 0.6453125 0.1125 0.1109375
1 0.2328125 0.634375 0.1515625 0.1375
1 0.24140625 0.56953125 0.15625 0.134375
1 0.47578125 0.34765625 0.125 0.1109375
1 0.51171875 0.42109375 0.1046875 0.0859375
1 0.64765625 0.51640625 0.1078125 0.0984375
1 0.70859375 0.3875 0.146875 0.11875
1 0.728125 0.5484375 0.1171875 0.1125
1 0.63125 0.2859375 0.153125 0.125
1 0.70390625 0.24921875 0.1390625 0.121875
1 0.75625 0.296875 0.096875 0.0875
1 0.66953125 0.609375 0.1 0.084375
1 0.80234375 0.1125 0.1125 0.078125