0 0.103125 0.61875 0.121875 0.140625
0 0.121875 0.74609375 0.11875 0.1484375
0 0.30234375 0.8 0.1046875 0.159375
0 0.50703125 0.56796875 0.0609375 0.0984375
0 0.721875 0.7015625 0.1046875 0.1421875
0 0.8578125 0.70078125 0.0921875 0.140625
0 0.8890625 0.8125 0.1015625 0.146875
1 0.975 0.8046875 0.05 0.090625
1 0.44140625 0.6921875 0.0921875 0.128125
1 0.390625 0.78203125 0.08125 0.115625
1 0.2109375 0.74765625 0.075 0.0796875
1 0.25859375 0.6765625 0.0875 0.1109375
1 0.3203125 0.69921875 0.0796875 0.11875
1 0.625 0.590625 0.06875 0.09375
1 0.57578125 0.52578125 0.05 0.08125
1 0.55234375 0.3609375 0.0625 0.0796875
1 0.69453125 0.365625 0.0671875 0.1171875
1 0.56015625 0.275 0.075 0.084375
1 0.75078125 0.48046875 0.0703125 0.121875
1 0.81640625 0.43203125 0.0734375 0.1078125
1 0.79765625 0.3640625 0.05625 0.0734375
1 0.4796875 0.3 0.05 0.078125
1 0.9828125 0.40703125 0.034375 0.096875