0 0.07265625 0.26484375 0.103125 0.16875
0 0.3828125 0.61953125 0.1359375 0.1765625
0 0.73203125 0.50390625 0.1140625 0.1546875
0 0.76171875 0.590625 0.0953125 0.11875
0 0.8796875 0.36328125 0.0734375 0.1
1 0.04609375 0.65546875 0.0921875 0.1390625
1 0.075 0.4296875 0.0796875 0.1125
1 0.0265625 0.39609375 0.053125 0.1609375
1 0.234375 0.52890625 0.0890625 0.1125
1 0.30390625 0.46796875 0.08125 0.103125
1 0.2734375 0.69765625 0.090625 0.1046875
1 0.1984375 0.746875 0.05625 0.0671875
1 0.15546875 0.7015625 0.059375 0.0859375
1 0.1640625 0.59921875 0.0984375 0.1359375
1 0.23671875 0.36484375 0.090625 0.1203125
1 0.1953125 0.42109375 0.08125 0.0890625
1 0.50546875 0.48828125 0.0953125 0.096875
1 0.46328125 0.5703125 0.071875 0.0875
1 0.4640625 0.6859375 0.0859375 0.1171875
1 0.51796875 0.765625 0.05625 0.0828125
1 0.48984375 0.675 0.0421875 0.0515625
1 0.559375 0.5484375 0.059375 0.08125
1 0.61796875 0.5375 0.059375 0.0640625
1 0.9765625 0.3875 0.046875 0.075
1 0.82578125 0.59921875 0.0703125 0.0953125
1 0.81640625 0.28125 0.0796875 0.1
1 0.909375 0.17265625 0.059375 0.06875
1 0.88125 0.26953125 0.034375 0.05
1 0.978125 0.43359375 0.04375 0.1078125
1 0.92421875 0.52734375 0.0375 0.0578125
1 0.59296875 0.5765625 0.0640625 0.1125
1 0.63046875 0.63671875 0.0453125 0.0671875
1 0.5265625 0.7015625 0.0609375 0.0921875
1 0.50703125 0.61484375 0.0625 0.0828125
1 0.86640625 0.640625 0.046875 0.06875
1 0.8609375 0.57265625 0.053125 0.0703125
1 0.93671875 0.35625 0.053125 0.065625
1 0.9296875 0.39921875 0.028125 0.0421875
1 0.50703125 0.48984375 0.0953125 0.1421875
1 0.36796875 0.21328125 0.0484375 0.0671875
1 0.22421875 0.69453125 0.0734375 0.0890625
0 0.14453125 0.528125 0.125 0.171875
0 0.34453125 0.57421875 0.1265625 0.1984375
0 0.265625 0.56640625 0.11875 0.1609375
0 0.85078125 0.49140625 0.0890625 0.1140625