1 0.1765625 0.6 0.1203125 0.1640625
1 0.7578125 0.1734375 0.0765625 0.109375
1 0.1171875 0.76015625 0.1046875 0.15
1 0.08828125 0.5375 0.0703125 0.1078125
1 0.028125 0.51796875 0.0359375 0.1484375
1 0.31328125 0.50234375 0.0765625 0.1015625
1 0.26640625 0.5796875 0.1 0.1296875
1 0.34609375 0.73359375 0.078125 0.115625
1 0.29921875 0.740625 0.0703125 0.1078125
1 0.28515625 0.80859375 0.0515625 0.0625
1 0.23125 0.76484375 0.065625 0.075
1 0.596875 0.72421875 0.0453125 0.0640625
1 0.53828125 0.671875 0.075 0.1328125
1 0.58984375 0.659375 0.06875 0.0984375
1 0.5 0.56171875 0.071875 0.103125
1 0.5171875 0.4578125 0.0875 0.1296875
1 0.578125 0.55625 0.0546875 0.0671875
1 0.58359375 0.5140625 0.0578125 0.084375
1 0.54453125 0.58203125 0.0625 0.075
1 0.62890625 0.53203125 0.059375 0.1015625
1 0.6765625 0.578125 0.046875 0.0625
1 0.6390625 0.4828125 0.065625 0.06875
1 0.8515625 0.48125 0.0703125 0.109375
1 0.94609375 0.23515625 0.05625 0.0875
1 0.95859375 0.32890625 0.0453125 0.06875
1 0.9296875 0.38671875 0.034375 0.0453125
1 0.903125 0.5078125 0.034375 0.053125
1 0.97421875 0.27109375 0.0515625 0.103125
1 0.95703125 0.1578125 0.065625 0.1109375
1 0.8921875 0.2203125 0.0375 0.0578125
0 0.840625 0.23828125 0.08125 0.103125
1 0.81171875 0.17734375 0.034375 0.0515625
1 0.82265625 0.0546875 0.0484375 0.0609375
0 0.73515625 0.41953125 0.1046875 0.1375
0 0.7921875 0.5015625 0.084375 0.115625
0 0.4359375 0.6265625 0.1390625 0.1765625
0 0.30625 0.634375 0.090625 0.13125
0 0.3875 0.571875 0.103125 0.153125
0 0.05859375 0.4015625 0.103125 0.1875