0 0.03828125 0.34296875 0.0765625 0.1578125
0 0.40546875 0.63828125 0.1109375 0.159375
0 0.72890625 0.46328125 0.090625 0.140625
0 0.7734375 0.54375 0.078125 0.10625
0 0.85 0.29921875 0.059375 0.0921875
1 0.078125 0.7328125 0.0765625 0.128125
1 0.06953125 0.5046875 0.0625 0.103125
1 0.01484375 0.4796875 0.0296875 0.1578125
1 0.24375 0.57421875 0.071875 0.1015625
1 0.3015625 0.50234375 0.065625 0.09375
1 0.3109375 0.734375 0.075 0.09375
1 0.24609375 0.7953125 0.046875 0.059375
1 0.19609375 0.75859375 0.046875 0.0796875
1 0.18671875 0.65625 0.0796875 0.125
1 0.2171875 0.4125 0.0734375 0.109375
1 0.1859375 0.475 0.0703125 0.078125
1 0.503125 0.4875 0.08125 0.084375
1 0.47578125 0.57578125 0.059375 0.078125
1 0.496875 0.6890625 0.0703125 0.10625
1 0.5640625 0.75859375 0.04375 0.0765625
1 0.5203125 0.67421875 0.034375 0.046875
1 0.5671875 0.5375 0.046875 0.075
1 0.62265625 0.51640625 0.05 0.05625
1 0.9546875 0.30546875 0.0453125 0.06875
1 0.83828125 0.54140625 0.05625 0.0890625
1 0.7734375 0.2296875 0.0671875 0.090625
1 0.84609375 0.10625 0.05 0.0609375
1 0.83515625 0.20703125 0.0265625 0.046875
1 0.96953125 0.35 0.0453125 0.1015625
1 0.92265625 0.453125 0.028125 0.053125
1 0.6046875 0.559375 0.046875 0.10625
1 0.65234375 0.61171875 0.0359375 0.0625
1 0.5609375 0.69375 0.0484375 0.0859375
1 0.5265625 0.61171875 0.05 0.075
1 0.88515625 0.575 0.0359375 0.0640625
1 0.86796875 0.50859375 0.0421875 0.0640625
1 0.90546875 0.2828125 0.04375 0.059375
1 0.90546875 0.3265625 0.0234375 0.0390625
1 0.50546875 0.4890625 0.0734375 0.13125
1 0.3203125 0.240625 0.0390625 0.0609375
1 0.2625 0.7390625 0.0609375 0.0796875
0 0.1546875 0.5890625 0.0984375 0.1578125
0 0.36015625 0.6 0.0953125 0.184375
0 0.28046875 0.60625 0.0953125 0.146875
0 0.84375 0.43046875 0.071875 0.103125