1 0.184375 0.37734375 0.1328125 0.171875
1 0.734375 0.84375 0.084375 0.1140625
1 0.1359375 0.2140625 0.1140625 0.15625
1 0.0921875 0.43359375 0.078125 0.1109375
1 0.03046875 0.44921875 0.046875 0.15
1 0.3140625 0.484375 0.0828125 0.10625
1 0.27265625 0.40390625 0.109375 0.1359375
1 0.3625 0.25625 0.0859375 0.1203125
1 0.31640625 0.24609375 0.078125 0.1109375
1 0.30703125 0.17734375 0.05625 0.065625
1 0.25 0.2171875 0.0703125 0.0796875
1 0.6125 0.2828125 0.0484375 0.0671875
1 0.55 0.33125 0.084375 0.1375
1 0.60078125 0.34765625 0.075 0.103125
1 0.5046875 0.43828125 0.078125 0.1078125
1 0.5140625 0.54296875 0.096875 0.134375
1 0.58203125 0.44921875 0.059375 0.071875
1 0.584375 0.4921875 0.0640625 0.0875
1 0.55 0.42109375 0.0671875 0.0796875
1 0.63046875 0.47734375 0.065625 0.1046875
1 0.68125 0.434375 0.0515625 0.065625
1 0.6375 0.5265625 0.0703125 0.0734375
1 0.84921875 0.54296875 0.078125 0.1140625
1 0.9265625 0.7953125 0.0625 0.090625
1 0.9453125 0.70234375 0.05 0.071875
1 0.92109375 0.64296875 0.0375 0.046875
1 0.90234375 0.5203125 0.0375 0.0546875
1 0.95703125 0.76171875 0.059375 0.10625
1 0.93203125 0.8734375 0.0734375 0.1140625
1 0.871875 0.80625 0.0421875 0.0609375
0 0.821875 0.78515625 0.0875 0.1078125
1 0.78828125 0.84375 0.0375 0.053125
1 0.790625 0.96640625 0.053125 0.0640625
0 0.72890625 0.596875 0.1140625 0.14375
0 0.79140625 0.51875 0.0921875 0.121875
0 0.4453125 0.36953125 0.1515625 0.1859375
0 0.31640625 0.35234375 0.1 0.1375
0 0.39296875 0.4203125 0.1140625 0.159375
0 0.05546875 0.5671875 0.1109375 0.19375