1 0.79453125 0.33984375 0.140625 0.175
1 0.26953125 0.8109375 0.0890625 0.115625
1 0.83359375 0.17734375 0.1234375 0.159375
1 0.88984375 0.3953125 0.0828125 0.1140625
1 0.9515625 0.409375 0.0546875 0.1515625
1 0.6703125 0.44921875 0.090625 0.109375
1 0.70625 0.36796875 0.1140625 0.1359375
1 0.6078125 0.221875 0.090625 0.121875
1 0.65390625 0.2109375 0.0828125 0.1140625
1 0.659375 0.1421875 0.0578125 0.06875
1 0.71875 0.18125 0.075 0.08125
1 0.359375 0.25234375 0.0546875 0.0703125
1 0.425 0.29921875 0.090625 0.1375
1 0.37421875 0.315625 0.0828125 0.1046875
1 0.4765625 0.4046875 0.0859375 0.109375
1 0.471875 0.509375 0.103125 0.134375
1 0.39921875 0.41640625 0.0640625 0.071875
1 0.39921875 0.459375 0.06875 0.0875
1 0.4296875 0.38828125 0.071875 0.0796875
1 0.35234375 0.4453125 0.0734375 0.1078125
1 0.29765625 0.40390625 0.053125 0.06875
1 0.34765625 0.4953125 0.075 0.0734375
1 0.13671875 0.5140625 0.0828125 0.1140625
1 0.0734375 0.765625 0.0671875 0.090625
1 0.0484375 0.67265625 0.0546875 0.075
1 0.07109375 0.61328125 0.040625 0.05
1 0.08125 0.49140625 0.0421875 0.05625
1 0.04296875 0.73203125 0.0578125 0.10625
1 0.071875 0.8421875 0.078125 0.115625
1 0.12890625 0.77578125 0.04375 0.0609375
0 0.178125 0.753125 0.0953125 0.1109375
1 0.2140625 0.81171875 0.0390625 0.053125
1 0.21953125 0.93359375 0.0578125 0.0640625
0 0.26015625 0.565625 0.1203125 0.146875
0 0.1921875 0.48828125 0.096875 0.1234375
0 0.53203125 0.33671875 0.1578125 0.1875
0 0.66015625 0.3171875 0.1078125 0.1375
0 0.58828125 0.38671875 0.121875 0.1625
0 0.93515625 0.52734375 0.121875 0.1921875