0 0.46484375 0.96328125 0.1734375 0.0734375
0 0.65859375 0.55546875 0.1875 0.15
0 0.40546875 0.28828125 0.1640625 0.125
0 0.471875 0.225 0.1265625 0.10625
0 0.215625 0.2140625 0.10625 0.0828125
1 0.834375 0.84765625 0.1484375 0.109375
1 0.615625 0.9140625 0.11875 0.0890625
1 0.6046875 0.96875 0.1640625 0.0625
1 0.63828125 0.728125 0.11875 0.0984375
1 0.55390625 0.690625 0.1109375 0.0890625
1 0.775 0.621875 0.1125 0.0984375
1 0.85078125 0.66875 0.071875 0.0625
1 0.82890625 0.7265625 0.0921875 0.06875
1 0.73203125 0.7625 0.146875 0.1109375
1 0.48828125 0.79609375 0.128125 0.1015625
1 0.55703125 0.81015625 0.0953125 0.0875
1 0.4875 0.50078125 0.103125 0.103125
1 0.5796875 0.503125 0.0921875 0.0796875
1 0.68359375 0.45390625 0.1234375 0.0953125
1 0.7328125 0.37109375 0.0890625 0.0625
1 0.6625 0.43515625 0.0546875 0.0453125
1 0.51875 0.42578125 0.0875 0.065625
1 0.484375 0.37734375 0.06875 0.065625
1 0.19453125 0.1109375 0.08125 0.0640625
1 0.453125 0.1625 0.1015625 0.078125
1 0.16875 0.30546875 0.1078125 0.090625
1 0.03359375 0.2671875 0.0671875 0.065625
1 0.13046875 0.25234375 0.053125 0.0375
1 0.23359375 0.08515625 0.1125 0.071875
1 0.3453125 0.10390625 0.059375 0.0421875
1 0.53046875 0.38359375 0.11875 0.0734375
1 0.56875 0.32421875 0.071875 0.05
1 0.671875 0.390625 0.0984375 0.06875
1 0.60078125 0.4453125 0.0875 0.0703125
1 0.47265625 0.10859375 0.0734375 0.053125
1 0.41328125 0.1421875 0.075 0.059375
1 0.18515625 0.16484375 0.0703125 0.059375
1 0.228125 0.153125 0.0453125 0.0328125
1 0.48828125 0.49765625 0.15 0.1078125
1 0.29609375 0.740625 0.0703125 0.0546875
1 0.7921875 0.6671875 0.0953125 0.08125
0 0.67578125 0.8109375 0.184375 0.1390625
0 0.6328125 0.609375 0.209375 0.14375
0 0.659375 0.684375 0.1703125 0.134375
0 0.34375 0.1859375 0.1203125 0.0984375