1 0.80703125 0.63359375 0.1265625 0.1640625
1 0.24296875 0.21015625 0.0796875 0.109375
1 0.86015625 0.7921875 0.1109375 0.15
1 0.89765625 0.5703125 0.0734375 0.1078125
1 0.9578125 0.55078125 0.0421875 0.1484375
1 0.67421875 0.5359375 0.08125 0.1015625
1 0.7171875 0.61328125 0.1046875 0.128125
1 0.63203125 0.76796875 0.08125 0.115625
1 0.678125 0.77421875 0.0734375 0.1078125
1 0.68984375 0.8421875 0.053125 0.0640625
1 0.7453125 0.7984375 0.06875 0.075
1 0.38125 0.759375 0.0484375 0.065625
1 0.44296875 0.70625 0.0796875 0.13125
1 0.390625 0.69453125 0.0734375 0.0984375
1 0.48515625 0.596875 0.0765625 0.103125
1 0.47109375 0.49296875 0.0921875 0.1265625
1 0.40703125 0.5921875 0.0578125 0.0671875
1 0.403125 0.54921875 0.0609375 0.0828125
1 0.43984375 0.6171875 0.065625 0.075
1 0.3578125 0.5671875 0.0640625 0.1015625
1 0.30703125 0.61328125 0.0484375 0.0640625
1 0.3484375 0.51796875 0.06875 0.0671875
1 0.13671875 0.51796875 0.0734375 0.1078125
1 0.0515625 0.27265625 0.059375 0.0859375
1 0.03515625 0.3671875 0.0484375 0.0703125
1 0.0625 0.42421875 0.0359375 0.046875
1 0.08359375 0.5453125 0.0375 0.0546875
1 0.02421875 0.30859375 0.0484375 0.103125
1 0.04375 0.19609375 0.06875 0.109375
1 0.10625 0.2578125 0.0390625 0.0578125
0 0.15703125 0.27578125 0.0859375 0.103125
1 0.18828125 0.2140625 0.034375 0.05
1 0.1828125 0.0921875 0.0515625 0.0609375
0 0.25546875 0.45546875 0.109375 0.1375
0 0.19453125 0.53828125 0.0875 0.115625
0 0.54609375 0.66015625 0.14375 0.175
0 0.67578125 0.66796875 0.096875 0.1296875
0 0.59765625 0.60546875 0.109375 0.153125
0 0.93125 0.43515625 0.10625 0.184375