0 0.13125 0.81875 0.1359375 0.1859375
0 0.36015625 0.4078125 0.16875 0.2015625
0 0.72578125 0.44765625 0.14375 0.175
0 0.7375 0.35703125 0.1171875 0.1359375
0 0.9 0.5546875 0.0921875 0.1125
1 0.04140625 0.44140625 0.0828125 0.1546875
1 0.09921875 0.65703125 0.1015625 0.1265625
1 0.05859375 0.7 0.0859375 0.16875
1 0.234375 0.5265625 0.109375 0.128125
1 0.31484375 0.571875 0.1015625 0.1171875
1 0.2375 0.35390625 0.1109375 0.121875
1 0.15390625 0.32109375 0.06875 0.078125
1 0.12109375 0.37421875 0.0765625 0.0953125
1 0.15078125 0.47265625 0.1234375 0.153125
1 0.2703125 0.68671875 0.1140625 0.1359375
1 0.21875 0.640625 0.0984375 0.1046875
1 0.5078125 0.51015625 0.1140625 0.1140625
1 0.44921875 0.4390625 0.0890625 0.1
1 0.4265625 0.32578125 0.1078125 0.13125
1 0.4625 0.23671875 0.071875 0.0921875
1 0.45390625 0.33125 0.0515625 0.0578125
1 0.54765625 0.440625 0.075 0.0921875
1 0.6078125 0.4390625 0.071875 0.075
1 0.9796875 0.51015625 0.040625 0.0828125
1 0.79765625 0.33515625 0.0890625 0.1078125
1 0.8546875 0.6484375 0.0984375 0.1140625
1 0.96640625 0.73515625 0.0671875 0.0796875
1 0.92109375 0.64609375 0.04375 0.05625
1 0.97421875 0.46484375 0.0515625 0.1140625
1 0.909375 0.38515625 0.0484375 0.0640625
1 0.575 0.40546875 0.0859375 0.1234375
1 0.59921875 0.3390625 0.0578125 0.075
1 0.484375 0.29765625 0.078125 0.1015625
1 0.4828125 0.3859375 0.078125 0.09375
1 0.82890625 0.2859375 0.059375 0.0765625
1 0.83828125 0.35390625 0.0671875 0.0796875
1 0.95703125 0.55 0.065625 0.075
1 0.94140625 0.509375 0.0359375 0.046875
1 0.509375 0.50859375 0.1234375 0.159375
1 0.43046875 0.8078125 0.0609375 0.0765625
1 0.18984375 0.3671875 0.090625 0.103125
0 0.14609375 0.54609375 0.1578125 0.19375
0 0.3328125 0.459375 0.165625 0.2203125
0 0.25703125 0.48359375 0.15 0.1828125
0 0.84453125 0.43515625 0.1109375 0.1296875