0 0.06484375 0.2796875 0.109375 0.171875
0 0.38671875 0.6234375 0.140625 0.18125
0 0.73203125 0.49609375 0.11875 0.1578125
0 0.76484375 0.58125 0.1 0.121875
0 0.875 0.35 0.0765625 0.103125
1 0.0515625 0.67109375 0.096875 0.1421875
1 0.07265625 0.44453125 0.084375 0.115625
1 0.0265625 0.4125 0.053125 0.1625
1 0.23515625 0.53828125 0.0921875 0.115625
1 0.303125 0.475 0.084375 0.10625
1 0.28046875 0.70546875 0.09375 0.1078125
1 0.20703125 0.75703125 0.0578125 0.0703125
1 0.1625 0.71328125 0.0625 0.0875
1 0.16796875 0.6109375 0.1015625 0.1390625
1 0.23203125 0.37421875 0.0953125 0.1234375
1 0.19296875 0.43203125 0.084375 0.0921875
1 0.5046875 0.48828125 0.0984375 0.1
1 0.465625 0.571875 0.075 0.090625
1 0.4703125 0.68671875 0.0890625 0.11875
1 0.52734375 0.76484375 0.059375 0.084375
1 0.49609375 0.675 0.04375 0.0515625
1 0.5609375 0.54609375 0.0625 0.0828125
1 0.61953125 0.53359375 0.0609375 0.065625
1 0.97265625 0.37109375 0.05 0.0765625
1 0.82890625 0.5875 0.0734375 0.0984375
1 0.80859375 0.2703125 0.0828125 0.103125
1 0.89765625 0.15859375 0.0625 0.0703125
1 0.87265625 0.25625 0.0359375 0.0515625
1 0.97578125 0.4171875 0.046875 0.109375
1 0.925 0.5125 0.0390625 0.059375
1 0.5953125 0.5734375 0.0671875 0.1140625
1 0.63515625 0.63203125 0.046875 0.06875
1 0.53359375 0.70078125 0.0640625 0.09375
1 0.5109375 0.61484375 0.065625 0.084375
1 0.87109375 0.628125 0.05 0.0703125
1 0.86328125 0.56015625 0.05625 0.071875
1 0.93125 0.34140625 0.0546875 0.0671875
1 0.92578125 0.384375 0.0296875 0.04375
1 0.50703125 0.48984375 0.1 0.1453125
1 0.3578125 0.21796875 0.05 0.06875
1 0.23125 0.70390625 0.0765625 0.0921875
0 0.14609375 0.540625 0.13125 0.1765625
0 0.346875 0.5796875 0.1328125 0.203125
0 0.26796875 0.57421875 0.125 0.165625
0 0.85 0.47890625 0.09375 0.1171875