0 0.7796875 0.675 0.14375 0.1515625
0 0.66953125 0.7375 0.15 0.1640625
0 0.56953125 0.821875 0.1671875 0.1859375
0 0.4953125 0.775 0.159375 0.18125
0 0.434375 0.78515625 0.1109375 0.134375
0 0.40625 0.634375 0.115625 0.1359375
0 0.3859375 0.53203125 0.1109375 0.1296875
0 0.35546875 0.48984375 0.109375 0.1171875
0 0.2609375 0.65078125 0.1125 0.1359375
0 0.73203125 0.57265625 0.115625 0.1203125
0 0.81640625 0.56875 0.078125 0.0875
0 0.04609375 0.52578125 0.075 0.084375
1 0.0078125 0.52421875 0.015625 0.0671875
1 0.4921875 0.68984375 0.0984375 0.109375
1 0.40078125 0.76015625 0.053125 0.059375
1 0.41015625 0.71796875 0.0515625 0.0515625
1 0.14609375 0.5375 0.0546875 0.0546875
1 0.62734375 0.69453125 0.065625 0.0734375