0 0.15390625 0.50078125 0.103125 0.11875
0 0.21171875 0.6125 0.1046875 0.1328125
0 0.24921875 0.7375 0.115625 0.153125
0 0.3390625 0.74296875 0.109375 0.1515625
0 0.38359375 0.7859375 0.071875 0.1140625
0 0.4921875 0.6796875 0.0796875 0.1140625
0 0.5671875 0.60859375 0.075 0.1078125
0 0.61640625 0.5921875 0.078125 0.0953125
0 0.60625 0.77578125 0.0734375 0.1140625
0 0.253125 0.4453125 0.084375 0.096875
0 0.18203125 0.39375 0.0546875 0.071875
0 0.8578125 0.79609375 0.0515625 0.06875
1 0.91015625 0.828125 0.04375 0.0609375
1 0.3890625 0.675 0.0671875 0.0890625
1 0.4265625 0.78359375 0.0359375 0.05
1 0.44140625 0.7453125 0.0375 0.0421875
1 0.765625 0.75 0.040625 0.04375
1 0.27109375 0.603125 0.0453125 0.0609375