1 0.97890625 0.58515625 0.0421875 0.0953125
1 0.78671875 0.409375 0.06875 0.096875
1 0.68984375 0.2375 0.09375 0.13125
1 0.71875 0.5453125 0.0703125 0.090625
1 0.634375 0.59296875 0.059375 0.0828125
1 0.6046875 0.771875 0.0609375 0.0953125
1 0.553125 0.815625 0.0375 0.0578125
1 0.55390625 0.75625 0.0625 0.084375
1 0.56953125 0.74375 0.0609375 0.0875
1 0.4578125 0.815625 0.0375 0.0453125
1 0.490625 0.79609375 0.05 0.0703125
1 0.5390625 0.83515625 0.0421875 0.053125
1 0.5953125 0.8671875 0.0671875 0.09375
1 0.85 0.85859375 0.0515625 0.075
1 0.55546875 0.49921875 0.08125 0.10625
1 0.4171875 0.7890625 0.0421875 0.053125
1 0.46171875 0.78984375 0.0328125 0.046875
1 0.42421875 0.64375 0.0546875 0.065625
1 0.296875 0.61640625 0.0328125 0.05
1 0.80859375 0.1609375 0.1484375 0.2
1 0.37578125 0.66953125 0.0640625 0.0859375
1 0.3015625 0.834375 0.0390625 0.0546875
1 0.2984375 0.7953125 0.0359375 0.0484375
1 0.3578125 0.8078125 0.0421875 0.05625
1 0.340625 0.76796875 0.0359375 0.0453125
1 0.43671875 0.7671875 0.05 0.0703125
0 0.89453125 0.68515625 0.121875 0.1890625
0 0.83828125 0.596875 0.06875 0.08125
0 0.89453125 0.61484375 0.0828125 0.11875
0 0.5609375 0.4375 0.1078125 0.115625
0 0.74375 0.403125 0.0984375 0.14375
0 0.5921875 0.71171875 0.071875 0.1
0 0.5296875 0.66484375 0.0703125 0.096875
0 0.53828125 0.53984375 0.0765625 0.1015625
0 0.4046875 0.4484375 0.075 0.096875
0 0.3171875 0.62421875 0.034375 0.0515625
0 0.31328125 0.5796875 0.0515625 0.0703125
0 0.28828125 0.515625 0.0578125 0.0765625
1 0.96796875 0.765625 0.0640625 0.13125