0 0.821875 0.203125 0.125 0.178125
0 0.9578125 0.18671875 0.084375 0.1890625
0 0.76875 0.51796875 0.0953125 0.1375
0 0.5921875 0.5453125 0.0921875 0.121875
0 0.434375 0.58125 0.0765625 0.1046875
0 0.5296875 0.45625 0.0671875 0.103125
0 0.52578125 0.271875 0.0796875 0.1109375
0 0.48203125 0.3390625 0.0703125 0.1046875
0 0.42421875 0.3953125 0.0640625 0.096875
0 0.303125 0.48359375 0.05 0.06875
0 0.3015625 0.56171875 0.0609375 0.08125
0 0.23828125 0.31484375 0.0421875 0.059375
0 0.22421875 0.26328125 0.040625 0.05625
0 0.3828125 0.215625 0.05625 0.090625
0 0.79765625 0.28515625 0.08125 0.125
0 0.83828125 0.2703125 0.090625 0.1328125
0 0.2921875 0.4546875 0.046875 0.0734375
0 0.50859375 0.3796875 0.078125 0.1125
1 0.90390625 0.71875 0.15 0.2078125
1 0.76640625 0.68984375 0.090625 0.1359375
1 0.71484375 0.509375 0.05 0.071875
1 0.803125 0.5015625 0.071875 0.1
1 0.6953125 0.39765625 0.071875 0.096875
1 0.6046875 0.3703125 0.059375 0.078125
1 0.484375 0.1265625 0.065625 0.0859375
1 0.7203125 0.059375 0.040625 0.0484375
1 0.87734375 0.11328125 0.0921875 0.0921875
1 0.94765625 0.2703125 0.065625 0.084375
1 0.56328125 0.4859375 0.0671875 0.090625
1 0.47578125 0.2515625 0.065625 0.096875
1 0.49375 0.25390625 0.0515625 0.0703125
1 0.5203125 0.21171875 0.0515625 0.071875
1 0.4046875 0.23359375 0.0375 0.0578125
1 0.38828125 0.39296875 0.046875 0.0625
1 0.33828125 0.25546875 0.0375 0.0515625
1 0.43671875 0.17578125 0.034375 0.0546875
1 0.453125 0.1890625 0.040625 0.0640625