1 0.8359375 0.88125 0.0734375 0.0984375
1 0.80078125 0.6109375 0.0703125 0.0984375
1 0.8453125 0.41875 0.0984375 0.1359375
1 0.66015625 0.66640625 0.071875 0.0921875
1 0.56484375 0.6453125 0.0609375 0.084375
1 0.421875 0.75703125 0.065625 0.096875
1 0.3546875 0.75546875 0.0421875 0.0609375
1 0.3953125 0.71171875 0.065625 0.0859375
1 0.415625 0.71328125 0.065625 0.0890625
1 0.28515625 0.690625 0.0375 0.0453125
1 0.321875 0.69921875 0.053125 0.0734375
1 0.33125 0.759375 0.04375 0.05625
1 0.35234375 0.82265625 0.0703125 0.096875
1 0.54609375 0.9734375 0.0484375 0.053125
1 0.5703125 0.52265625 0.0859375 0.109375
1 0.271875 0.64375 0.0453125 0.0546875
1 0.30546875 0.675 0.034375 0.046875
1 0.37578125 0.54140625 0.05625 0.065625
1 0.3 0.4359375 0.0359375 0.05
1 0.953125 0.440625 0.09375 0.203125
1 0.32265625 0.52734375 0.0671875 0.0890625
1 0.15703125 0.6 0.040625 0.05625
1 0.18046875 0.56796875 0.0390625 0.0515625
1 0.21640625 0.61796875 0.0453125 0.0578125
1 0.2296875 0.57734375 0.0390625 0.0484375
1 0.3015625 0.63984375 0.053125 0.0734375
0 0.8328125 0.9359375 0.140625 0.128125
1 0.8640625 0.94921875 0.071875 0.1015625
0 0.6953125 0.8890625 0.1296875 0.1921875
0 0.71328125 0.78515625 0.0703125 0.0828125
0 0.74296875 0.83671875 0.0859375 0.1203125
0 0.61640625 0.48046875 0.1109375 0.1203125
0 0.77421875 0.578125 0.1046875 0.146875
0 0.45390625 0.70546875 0.075 0.1015625
0 0.4390625 0.6265625 0.071875 0.0984375
0 0.53046875 0.540625 0.08125 0.1046875
0 0.4921875 0.3828125 0.0765625 0.096875
0 0.31015625 0.45390625 0.0390625 0.053125
0 0.33671875 0.41875 0.05625 0.0734375
0 0.3609375 0.3546875 0.059375 0.078125
1 0.7109375 0.97109375 0.09375 0.0578125