1 0.97421875 0.3546875 0.0515625 0.090625
1 0.7953125 0.55546875 0.0578125 0.0921875
1 0.72109375 0.73671875 0.0796875 0.125
1 0.71171875 0.42890625 0.0625 0.084375
1 0.621875 0.39140625 0.0515625 0.078125
1 0.5703125 0.2171875 0.0515625 0.0921875
1 0.51484375 0.1796875 0.03125 0.0546875
1 0.521875 0.2390625 0.053125 0.0796875
1 0.5390625 0.25 0.0515625 0.0828125
1 0.41953125 0.1921875 0.034375 0.0421875
1 0.4546875 0.20703125 0.0421875 0.0671875
1 0.49765625 0.1625 0.0359375 0.05
1 0.55 0.1234375 0.0578125 0.0890625
1 0.80390625 0.1015625 0.04375 0.071875
1 0.55546875 0.49375 0.071875 0.1
1 0.38203125 0.2234375 0.0375 0.0484375
1 0.4265625 0.2171875 0.028125 0.04375
1 0.4078125 0.36640625 0.0484375 0.0609375
1 0.28359375 0.40859375 0.028125 0.046875
1 0.84765625 0.79921875 0.128125 0.1890625
1 0.35546875 0.346875 0.0546875 0.08125
1 0.2625 0.1921875 0.0328125 0.0515625
1 0.2640625 0.23125 0.03125 0.0453125
1 0.32109375 0.21171875 0.0375 0.053125
1 0.30859375 0.253125 0.03125 0.0421875
1 0.4046875 0.24296875 0.04375 0.065625
0 0.9890625 0.26484375 0.021875 0.2109375
0 0.86953125 0.26796875 0.103125 0.18125
0 0.8234375 0.3625 0.0609375 0.075
0 0.878125 0.3375 0.0703125 0.1140625
0 0.56796875 0.5546875 0.096875 0.10625
0 0.75390625 0.56640625 0.084375 0.1359375
0 0.565625 0.278125 0.0625 0.09375
0 0.509375 0.3328125 0.0609375 0.090625
0 0.5328125 0.45625 0.0671875 0.096875
0 0.41171875 0.5625 0.065625 0.090625
0 0.303125 0.39921875 0.0296875 0.0484375
0 0.3046875 0.44296875 0.0453125 0.0671875
0 0.2875 0.51015625 0.05 0.071875
1 0.94921875 0.17734375 0.0859375 0.1234375