0 0.81875 0.38671875 0.1578125 0.215625
0 0.61484375 0.2640625 0.08125 0.109375
0 0.45625 0.32109375 0.140625 0.1890625
0 0.41171875 0.16328125 0.1546875 0.215625
0 0.49453125 0.13125 0.1078125 0.1296875
0 0.48984375 0.19921875 0.125 0.1796875
0 0.2703125 0.3828125 0.18125 0.23125
0 0.05234375 0.40625 0.1046875 0.165625
0 0.86171875 0.65546875 0.203125 0.303125
0 0.77734375 0.60859375 0.2 0.365625
1 0.73828125 0.39765625 0.1078125 0.1375
1 0.78046875 0.6875 0.1078125 0.14375
1 0.365625 0.18828125 0.103125 0.1515625
1 0.38125 0.30078125 0.0703125 0.0921875
1 0.515625 0.33203125 0.0765625 0.0921875
0 0.14296875 0.52578125 0.134375 0.1875