0 0.8375 0.4859375 0.1765625 0.225
0 0.6953125 0.67578125 0.090625 0.115625
0 0.5265625 0.6828125 0.15625 0.1984375
0 0.54453125 0.8453125 0.1734375 0.225
0 0.6328125 0.84375 0.11875 0.1375
0 0.603125 0.7828125 0.140625 0.1875
0 0.33125 0.69453125 0.2 0.24375
0 0.11015625 0.75859375 0.1390625 0.1734375
0 0.77734375 0.2203125 0.2296875 0.315625
0 0.71640625 0.2953125 0.2328125 0.375
1 0.759375 0.50546875 0.11875 0.1453125
1 0.68984375 0.22109375 0.11875 0.15
1 0.4921875 0.8390625 0.115625 0.15625
1 0.46484375 0.7296875 0.078125 0.096875
1 0.57734375 0.65 0.0828125 0.096875
0 0.159375 0.61015625 0.15 0.1953125