0 0.16953125 0.6796875 0.1875 0.2296875
0 0.36328125 0.80390625 0.09375 0.11875
0 0.5203125 0.7421875 0.1671875 0.20625
0 0.55703125 0.89375 0.1828125 0.2125
0 0.475 0.9328125 0.125 0.134375
0 0.48359375 0.86953125 0.15 0.1921875
0 0.7015625 0.675 0.2140625 0.253125
0 0.9234375 0.646875 0.1421875 0.1765625
0 0.1359375 0.403125 0.2453125 0.321875
0 0.2171875 0.45 0.25625 0.3828125
1 0.2484375 0.6671875 0.125 0.1484375
1 0.21640625 0.36796875 0.1234375 0.15625
1 0.60390625 0.878125 0.125 0.1625
1 0.5921875 0.76171875 0.084375 0.1015625
1 0.4625 0.73125 0.0875 0.1015625
0 0.83125 0.5265625 0.1578125 0.1984375