0 0.19375 0.71875 0.1671875 0.21875
0 0.4015625 0.81796875 0.0828125 0.1140625
0 0.54921875 0.73828125 0.1484375 0.1953125
0 0.60625 0.89140625 0.1625 0.2171875
0 0.528125 0.934375 0.1125 0.13125
0 0.52890625 0.86875 0.1328125 0.1828125
0 0.72109375 0.64921875 0.190625 0.2390625
0 0.9375 0.59375 0.125 0.16875
0 0.12734375 0.4484375 0.215625 0.3078125
0 0.21328125 0.48515625 0.21875 0.3703125
1 0.2703125 0.696875 0.1109375 0.140625
1 0.20234375 0.40390625 0.109375 0.1484375
1 0.64921875 0.8625 0.1109375 0.1546875
1 0.6234375 0.7484375 0.075 0.0953125
1 0.490625 0.73359375 0.078125 0.0953125
0 0.83203125 0.4859375 0.1390625 0.1890625