0 0.83125 0.56796875 0.1328125 0.1984375
0 0.646875 0.71796875 0.0671875 0.1015625
0 0.48125 0.68359375 0.1171875 0.175
0 0.459375 0.84609375 0.128125 0.2
0 0.54609375 0.865625 0.0921875 0.11875
0 0.53203125 0.79921875 0.103125 0.1671875
0 0.2890625 0.64765625 0.1546875 0.2125
0 0.059375 0.65625 0.1046875 0.153125
0 0.83671875 0.2953125 0.165625 0.2828125
0 0.759375 0.35390625 0.153125 0.3484375
1 0.75 0.56796875 0.090625 0.1265625
1 0.7515625 0.275 0.0890625 0.1328125
1 0.41015625 0.82734375 0.084375 0.140625
1 0.41015625 0.7140625 0.059375 0.084375
1 0.5390625 0.6640625 0.0640625 0.084375
0 0.14296875 0.52421875 0.1109375 0.1734375