0 0.25703125 0.22890625 0.2609375 0.2296875
0 0.2578125 0.70078125 0.4390625 0.334375
0 0.41953125 0.59296875 0.2703125 0.209375
0 0.6390625 0.53515625 0.2234375 0.1703125
0 0.65 0.40390625 0.2359375 0.2
0 0.81953125 0.46328125 0.2078125 0.1640625
0 0.55859375 0.62109375 0.20625 0.184375
0 0.73984375 0.575 0.190625 0.1265625
0 0.10390625 0.81953125 0.184375 0.2328125
1 0.41640625 0.159375 0.1953125 0.15
1 0.61015625 0.065625 0.1328125 0.1078125
1 0.66171875 0.1734375 0.1234375 0.1078125
1 0.64453125 0.29453125 0.20625 0.1515625
1 0.5796875 0.22890625 0.1734375 0.1265625
1 0.58359375 0.40234375 0.1578125 0.11875
1 0.2984375 0.53125 0.159375 0.121875
1 0.4578125 0.45 0.14375 0.10625
1 0.09609375 0.5921875 0.1578125 0.153125
1 0.3203125 0.37890625 0.234375 0.1734375
1 0.415625 0.50546875 0.1046875 0.0796875
1 0.75390625 0.36875 0.1046875 0.0796875