0 0.19765625 0.296875 0.1671875 0.209375
0 0.665625 0.2328125 0.221875 0.3734375
0 0.58125 0.4078125 0.140625 0.2296875
0 0.55390625 0.6328125 0.1140625 0.190625
0 0.42578125 0.6625 0.140625 0.1953125
0 0.50859375 0.82109375 0.1140625 0.175
0 0.628125 0.540625 0.1359375 0.165625
0 0.6078125 0.7265625 0.075 0.1703125
0 0.76171875 0.06328125 0.1953125 0.1265625
1 0.15078125 0.4640625 0.1015625 0.1671875
1 0.08515625 0.66953125 0.0765625 0.109375
1 0.19921875 0.70546875 0.0796875 0.1
1 0.31640625 0.67109375 0.096875 0.178125
1 0.2421875 0.61640625 0.0828125 0.15
1 0.41484375 0.596875 0.078125 0.1328125
1 0.50234375 0.29609375 0.0828125 0.1359375
1 0.44453125 0.465625 0.06875 0.1234375
1 0.53515625 0.08671875 0.115625 0.1234375
1 0.35546875 0.33828125 0.1125 0.2015625
1 0.49375 0.415625 0.053125 0.0890625
1 0.4046875 0.76953125 0.053125 0.0890625