0 0.8390625 0.365625 0.228125 0.240625
0 0.4015625 0.20078125 0.31875 0.4015625
0 0.44453125 0.38671875 0.1953125 0.2515625
0 0.34609375 0.51640625 0.1546875 0.18125
0 0.40078125 0.6125 0.18125 0.234375
0 0.33828125 0.6921875 0.1359375 0.1890625
0 0.409375 0.80703125 0.15625 0.2125
0 0.5078125 0.65703125 0.2015625 0.24375
0 0.34765625 0.0484375 0.1953125 0.096875
1 0.840625 0.54765625 0.1578125 0.1859375
1 0.86015625 0.76875 0.0765625 0.0984375
1 0.71484375 0.64375 0.1328125 0.15
1 0.734375 0.7625 0.1234375 0.1375
1 0.625 0.7140625 0.1484375 0.2109375
1 0.54609375 0.6078125 0.1296875 0.171875
1 0.54140625 0.30703125 0.125 0.1546875
1 0.56171875 0.08828125 0.128125 0.1515625