0 0.234375 0.74921875 0.2421875 0.209375
0 0.2765625 0.27890625 0.4140625 0.3
0 0.428125 0.4 0.2546875 0.1890625
0 0.64140625 0.47734375 0.2109375 0.153125
0 0.64140625 0.60859375 0.2203125 0.18125
0 0.81484375 0.5640625 0.1953125 0.1484375
0 0.56875 0.384375 0.1921875 0.16875
0 0.7453125 0.44609375 0.18125 0.1109375
0 0.13359375 0.146875 0.165625 0.21875
1 0.38671875 0.83203125 0.184375 0.134375
1 0.571875 0.9421875 0.1234375 0.0984375
1 0.6328125 0.8390625 0.115625 0.0984375
1 0.62578125 0.7171875 0.1953125 0.134375
1 0.55546875 0.77734375 0.1640625 0.1125
1 0.575 0.6046875 0.1484375 0.10625
1 0.3015625 0.4515625 0.15 0.109375
1 0.45390625 0.54609375 0.1359375 0.0953125
1 0.10546875 0.37265625 0.146875 0.140625
1 0.31015625 0.6046875 0.221875 0.1546875
1 0.41640625 0.4875 0.0984375 0.071875
1 0.74140625 0.653125 0.0984375 0.071875