0 0.82578125 0.37890625 0.225 0.2359375
0 0.390625 0.2046875 0.315625 0.403125
0 0.4328125 0.3984375 0.1921875 0.24375
0 0.334375 0.528125 0.1546875 0.175
0 0.38671875 0.625 0.1796875 0.2265625
0 0.325 0.7046875 0.1359375 0.184375
0 0.3953125 0.81953125 0.1578125 0.20625
0 0.49375 0.6703125 0.1984375 0.2375
0 0.33984375 0.053125 0.1953125 0.1
1 0.82578125 0.5625 0.15625 0.1796875
1 0.84453125 0.78515625 0.075 0.096875
1 0.7 0.6578125 0.13125 0.1453125
1 0.71953125 0.778125 0.121875 0.134375
1 0.61015625 0.72734375 0.15 0.2046875
1 0.5328125 0.62109375 0.1296875 0.1671875
1 0.5296875 0.3203125 0.1234375 0.15
1 0.55078125 0.0984375 0.1265625 0.146875