1 0.35703125 0.22734375 0.1671875 0.1125
1 0.390625 0.3375 0.24375 0.1859375
1 0.61640625 0.41171875 0.2234375 0.1328125
1 0.87421875 0.3265625 0.178125 0.1296875
1 0.63515625 0.55234375 0.153125 0.1015625
1 0.44140625 0.56640625 0.16875 0.1125
1 0.4390625 0.5140625 0.1421875 0.1015625
1 0.690625 0.60234375 0.1203125 0.084375
1 0.75 0.6625 0.109375 0.078125
1 0.2828125 0.67734375 0.0921875 0.06875
1 0.16875 0.40078125 0.13125 0.096875
1 0.2515625 0.2796875 0.19375 0.13125
0 0.26875 0.19296875 0.271875 0.2
0 0.240625 0.60078125 0.20625 0.146875
0 0.4265625 0.6078125 0.18125 0.128125
0 0.4953125 0.4578125 0.2359375 0.175
1 0.4546875 0.671875 0.1 0.0734375
1 0.221875 0.66328125 0.0984375 0.0703125
1 0.3734375 0.4609375 0.15 0.109375
1 0.5546875 0.84375 0.11875 0.0828125