1 0.76484375 0.65703125 0.0640625 0.146875
1 0.65625 0.61796875 0.1203125 0.2078125
1 0.59375 0.38828125 0.0671875 0.2015625
1 0.6921875 0.13515625 0.078125 0.1546875
1 0.4546875 0.36171875 0.0578125 0.134375
1 0.43046875 0.5546875 0.065625 0.146875
1 0.4828125 0.56015625 0.0625 0.121875
1 0.4078125 0.3046875 0.0484375 0.103125
1 0.35078125 0.24140625 0.046875 0.09375
1 0.31171875 0.7078125 0.0421875 0.078125
1 0.58203125 0.8359375 0.059375 0.1109375
1 0.70703125 0.759375 0.078125 0.1671875
0 0.79453125 0.746875 0.125 0.23125
0 0.3859375 0.753125 0.0890625 0.1765625
0 0.3890625 0.56796875 0.078125 0.15625
0 0.5421875 0.50703125 0.109375 0.2015625
1 0.32578125 0.5359375 0.046875 0.084375
1 0.32265625 0.76953125 0.0453125 0.084375
1 0.53203125 0.62890625 0.06875 0.1296875
1 0.159375 0.42734375 0.0484375 0.1015625