1 0.61015625 0.4296875 0.0953125 0.203125
1 0.46953125 0.38984375 0.0796875 0.15
1 0.4203125 0.3375 0.0671875 0.121875
1 0.36640625 0.25625 0.05625 0.103125
1 0.71015625 0.196875 0.090625 0.146875
1 0.70703125 0.81484375 0.1078125 0.19375
0 0.79453125 0.809375 0.1328125 0.2546875
1 0.7671875 0.71953125 0.09375 0.178125
1 0.32421875 0.778125 0.0609375 0.0890625
1 0.3140625 0.71875 0.0578125 0.078125
1 0.67734375 0.66875 0.1375 0.2359375
1 0.55703125 0.5625 0.1421875 0.20625
1 0.6359375 0.825 0.11875 0.178125
0 0.39296875 0.775 0.1109375 0.1796875
1 0.31640625 0.63359375 0.075 0.1296875
1 0.26796875 0.6 0.0640625 0.1046875
1 0.33046875 0.5484375 0.0625 0.096875
1 0.4390625 0.5796875 0.096875 0.1609375
1 0.4859375 0.58515625 0.078125 0.1171875
1 0.53125 0.6625 0.0828125 0.153125
0 0.4 0.603125 0.103125 0.15