1 0.71875 0.28359375 0.0984375 0.1578125
1 0.6234375 0.34765625 0.165625 0.23125
1 0.61796875 0.5859375 0.1140625 0.2125
1 0.775 0.8078125 0.1125 0.16875
1 0.48984375 0.6453125 0.0890625 0.1453125
1 0.41953125 0.4640625 0.0984375 0.1578125
1 0.46875 0.44609375 0.090625 0.1328125
1 0.4578125 0.71171875 0.071875 0.1109375
1 0.41796875 0.78671875 0.06875 0.1015625
1 0.2671875 0.34375 0.059375 0.0859375
1 0.4984375 0.15390625 0.084375 0.121875
1 0.63828125 0.1984375 0.1171875 0.18125
0 0.72578125 0.1890625 0.1765625 0.2546875
0 0.328125 0.28203125 0.1296875 0.1921875
0 0.37578125 0.4609375 0.1140625 0.1703125
0 0.5390625 0.4828125 0.1546875 0.221875
1 0.321875 0.50703125 0.065625 0.09375
1 0.2625 0.28125 0.0640625 0.0921875
1 0.5 0.3671875 0.0984375 0.1421875
1 0.18671875 0.653125 0.071875 0.1109375