1 0.77578125 0.36171875 0.1171875 0.1703125
1 0.6640625 0.39296875 0.196875 0.25
1 0.5859375 0.61796875 0.1421875 0.225
1 0.66640625 0.87734375 0.1359375 0.18125
1 0.4453125 0.634375 0.1078125 0.15625
1 0.434375 0.440625 0.1203125 0.1703125
1 0.4875 0.4390625 0.1078125 0.14375
1 0.39453125 0.68828125 0.0890625 0.121875
1 0.3328125 0.74765625 0.0828125 0.109375
1 0.3265625 0.2796875 0.071875 0.09375
1 0.60546875 0.17109375 0.1015625 0.1328125
1 0.725 0.25546875 0.140625 0.196875
0 0.8109375 0.27421875 0.209375 0.2765625
0 0.40390625 0.2390625 0.1546875 0.209375
0 0.39375 0.42421875 0.1359375 0.1859375
0 0.54296875 0.4953125 0.184375 0.240625
1 0.32890625 0.45234375 0.078125 0.1015625
1 0.34140625 0.21875 0.075 0.1
1 0.540625 0.3734375 0.115625 0.153125
1 0.1546875 0.54921875 0.0875 0.1203125