1 0.3078125 0.740625 0.1546875 0.084375
1 0.36171875 0.63828125 0.2203125 0.146875
1 0.59765625 0.60859375 0.209375 0.0953125
1 0.834375 0.74140625 0.1625 0.1
1 0.64296875 0.47421875 0.140625 0.0765625
1 0.45546875 0.4234375 0.1546875 0.0859375
1 0.44296875 0.47421875 0.1296875 0.078125
1 0.70625 0.4359375 0.109375 0.0640625
1 0.7765625 0.38828125 0.1 0.059375
1 0.3203125 0.284375 0.0828125 0.053125
1 0.15625 0.534375 0.11875 0.075
1 0.2140625 0.66875 0.1765625 0.1
0 0.21484375 0.75703125 0.246875 0.15625
0 0.26484375 0.3515625 0.1875 0.1125
0 0.4484375 0.38046875 0.165625 0.0984375
0 0.4875 0.540625 0.2140625 0.1359375
1 0.48828125 0.32265625 0.090625 0.0578125
1 0.2578125 0.28671875 0.0890625 0.0546875
1 0.36796875 0.5140625 0.1359375 0.0859375
1 0.61953125 0.17265625 0.109375 0.0625