1 0.77734375 0.63359375 0.0765625 0.1515625
1 0.665625 0.60390625 0.1375 0.2171875
1 0.58359375 0.38046875 0.0859375 0.20625
1 0.659375 0.11953125 0.090625 0.1609375
1 0.44296875 0.36640625 0.0703125 0.1390625
1 0.43515625 0.56015625 0.078125 0.1515625
1 0.48828125 0.56171875 0.0734375 0.1265625
1 0.39140625 0.31328125 0.05625 0.10625
1 0.32890625 0.25546875 0.0546875 0.096875
1 0.33046875 0.7234375 0.0484375 0.08125
1 0.6109375 0.82734375 0.06875 0.115625
1 0.72890625 0.740625 0.0921875 0.1734375
0 0.81484375 0.7203125 0.1453125 0.240625
0 0.40859375 0.76171875 0.1046875 0.1828125
0 0.3953125 0.57734375 0.0921875 0.1625
0 0.54296875 0.503125 0.1265625 0.2109375
1 0.3296875 0.55078125 0.0546875 0.0875
1 0.346875 0.78359375 0.053125 0.0875
1 0.54296875 0.62578125 0.0796875 0.1359375
1 0.1546875 0.45703125 0.0578125 0.1046875