0 0.4046875 0.35625 0.1546875 0.096875
0 0.91328125 0.2046875 0.0984375 0.0609375
0 0.92890625 0.3765625 0.0984375 0.0671875
0 0.75078125 0.70859375 0.0984375 0.0609375
0 0.60078125 0.64765625 0.1140625 0.078125
0 0.51328125 0.79375 0.1171875 0.0765625
0 0.6265625 0.7609375 0.1125 0.06875
0 0.65078125 0.86015625 0.0765625 0.0515625
0 0.6171875 0.81953125 0.1015625 0.059375
0 0.72421875 0.8875 0.075 0.05
0 0.80234375 0.94375 0.11875 0.06875
0 0.20234375 0.5265625 0.1234375 0.078125
0 0.37578125 0.63515625 0.1515625 0.071875
0 0.53671875 0.39453125 0.1109375 0.071875
0 0.6625 0.459375 0.1015625 0.0609375
0 0.35 0.5125 0.146875 0.103125
0 0.553125 0.5796875 0.1140625 0.06875
0 0.515625 0.64296875 0.0921875 0.0671875
0 0.53046875 0.69921875 0.09375 0.0515625
0 0.9609375 0.22578125 0.059375 0.0421875
1 0.72265625 0.05234375 0.065625 0.040625
1 0.46875 0.21328125 0.115625 0.065625
1 0.58046875 0.2765625 0.14375 0.0828125
1 0.7625 0.19921875 0.0875 0.059375
1 0.7328125 0.24375 0.0625 0.0453125
1 0.6203125 0.1421875 0.0875 0.05
1 0.47734375 0.14609375 0.0875 0.0546875
1 0.51015625 0.09375 0.06875 0.046875
1 0.59765625 0.09296875 0.0859375 0.05
1 0.53671875 0.12734375 0.075 0.053125
1 0.10078125 0.0265625 0.1171875 0.053125
1 0.36484375 0.29375 0.059375 0.04375
1 0.37734375 0.27890625 0.0875 0.053125
1 0.33515625 0.30078125 0.125 0.0875
1 0.178125 0.37890625 0.11875 0.04375
1 0.15390625 0.4578125 0.1125 0.071875
1 0.17578125 0.409375 0.0828125 0.0609375
1 0.1828125 0.35 0.059375 0.0390625
1 0.33515625 0.71328125 0.059375 0.0390625
1 0.26953125 0.678125 0.1046875 0.0734375
1 0.37265625 0.6671875 0.121875 0.08125
1 0.61875 0.70234375 0.11875 0.0625
1 0.625 0.5734375 0.05625 0.0421875
1 0.6921875 0.546875 0.078125 0.046875
1 0.6515625 0.18984375 0.0875 0.053125
1 0.76015625 0.06015625 0.0703125 0.059375