0 0.65078125 0.584375 0.1796875 0.140625
0 0.265625 0.95078125 0.1140625 0.0890625
0 0.17421875 0.80390625 0.1171875 0.0953125
0 0.18203125 0.428125 0.1140625 0.0890625
0 0.34296875 0.4140625 0.134375 0.109375
0 0.3546875 0.24453125 0.1375 0.109375
0 0.26875 0.325 0.13125 0.1
0 0.203125 0.24765625 0.090625 0.0734375
0 0.25 0.26875 0.115625 0.0859375
0 0.125 0.25625 0.0875 0.071875
0 0.0484375 0.24140625 0.096875 0.1015625
0 0.975 0.82265625 0.05 0.0609375
0 0.75390625 0.34140625 0.14375 0.1125
0 0.54921875 0.3234375 0.16875 0.1140625
0 0.515625 0.6109375 0.1296875 0.1015625
0 0.3734375 0.61015625 0.1171875 0.0890625
0 0.628125 0.42109375 0.1734375 0.14375
0 0.415625 0.453125 0.1328125 0.1015625
0 0.42109375 0.3796875 0.1109375 0.0921875
0 0.38203125 0.3359375 0.1078125 0.078125
0 0.2140625 0.95390625 0.0703125 0.059375
1 0.503125 0.98515625 0.071875 0.0296875
1 0.65859375 0.74140625 0.13125 0.0984375
1 0.5296875 0.7359375 0.1640625 0.1234375
1 0.40234375 0.8875 0.103125 0.0859375
1 0.40859375 0.834375 0.075 0.0625
1 0.55546875 0.8734375 0.1 0.0734375
1 0.68046875 0.8046875 0.1015625 0.078125
1 0.67578125 0.8671875 0.08125 0.065625
1 0.59765625 0.90703125 0.1 0.0734375
1 0.63671875 0.8484375 0.0890625 0.075
1 0.7140625 0.62265625 0.0703125 0.059375
1 0.709375 0.640625 0.1015625 0.0765625
1 0.73671875 0.603125 0.1484375 0.121875
1 0.84140625 0.46171875 0.1296875 0.078125
1 0.82734375 0.3796875 0.1296875 0.1015625
1 0.82890625 0.43359375 0.096875 0.084375
1 0.85078125 0.48984375 0.0671875 0.0546875
1 0.55 0.23515625 0.06875 0.0546875
1 0.62421875 0.23671875 0.1234375 0.1015625
1 0.5375 0.29296875 0.14375 0.115625
1 0.30234375 0.3734375 0.134375 0.0953125
1 0.35546875 0.490625 0.0671875 0.0578125
1 0.3078125 0.5453125 0.090625 0.06875
1 0.50546875 0.84453125 0.1015625 0.0765625
1 0.46484375 0.98515625 0.0796875 0.0296875