1 0.371875 0.2796875 0.1109375 0.15
1 0.49765625 0.1609375 0.084375 0.1265625
1 0.475 0.15078125 0.0375 0.0609375
1 0.525 0.16484375 0.071875 0.1015625
1 0.57734375 0.16875 0.1046875 0.13125
0 0.621875 0.24765625 0.1 0.125
1 0.61328125 0.2875 0.0765625 0.0921875
1 0.740625 0.36953125 0.0984375 0.14375
1 0.65078125 0.69140625 0.10625 0.140625
1 0.47578125 0.7046875 0.0625 0.0859375
0 0.5390625 0.5859375 0.121875 0.1578125
1 0.52421875 0.653125 0.053125 0.06875
1 0.24375 0.37421875 0.0828125 0.11875
1 0.18203125 0.365625 0.078125 0.0984375
1 0.1171875 0.36953125 0.0625 0.0828125
1 0.13359375 0.40703125 0.0625 0.084375
1 0.08671875 0.453125 0.0703125 0.1
1 0.0140625 0.55859375 0.028125 0.0578125
1 0.12734375 0.6453125 0.0765625 0.096875
1 0.15625 0.52734375 0.075 0.090625
1 0.171875 0.5828125 0.0625 0.0640625
1 0.17734375 0.63125 0.0671875 0.08125
1 0.1203125 0.48828125 0.0765625 0.103125
0 0.66796875 0.43828125 0.1171875 0.18125
1 0.7078125 0.4375 0.09375 0.1328125
1 0.84921875 0.96875 0.0796875 0.0625
1 0.2609375 0.5 0.1359375 0.1625
1 0.2890625 0.60078125 0.071875 0.1125
0 0.0828125 0.78515625 0.08125 0.1
0 0.0859375 0.840625 0.0609375 0.065625
0 0.4046875 0.36328125 0.1296875 0.171875
0 0.4875 0.32109375 0.1078125 0.1390625
0 0.5640625 0.36953125 0.1234375 0.171875
0 0.62421875 0.578125 0.1 0.1234375
0 0.603125 0.66328125 0.0890625 0.109375
0 0.771875 0.628125 0.10625 0.1609375
0 0.70078125 0.73046875 0.0828125 0.1375
0 0.759375 0.734375 0.0875 0.1390625
0 0.7828125 0.77578125 0.0734375 0.103125
0 0.784375 0.85625 0.0625 0.090625
0 0.38828125 0.5140625 0.0921875 0.128125
0 0.41875 0.559375 0.0625 0.0703125
0 0.403125 0.64609375 0.096875 0.1296875
0 0.23203125 0.871875 0.0984375 0.128125
0 0.12421875 0.0421875 0.0578125 0.084375