0 0.38984375 0.6328125 0.1625 0.1125
0 0.88046875 0.83671875 0.1046875 0.0703125
0 0.91328125 0.66796875 0.1046875 0.0765625
0 0.77109375 0.31875 0.1046875 0.0703125
0 0.615625 0.3640625 0.121875 0.0890625
0 0.54375 0.209375 0.125 0.0875
0 0.653125 0.25390625 0.11875 0.0796875
0 0.6875 0.1578125 0.08125 0.059375
0 0.65 0.19453125 0.1078125 0.0703125
0 0.76328125 0.13828125 0.0796875 0.0578125
0 0.846875 0.090625 0.125 0.08125
0 0.20703125 0.4421875 0.13125 0.090625
0 0.390625 0.35234375 0.1578125 0.0875
0 0.52578125 0.60859375 0.1171875 0.0828125
0 0.65703125 0.55703125 0.10625 0.071875
0 0.35234375 0.471875 0.15625 0.1171875
0 0.5609375 0.4265625 0.1203125 0.0796875
0 0.53046875 0.359375 0.1 0.0765625
0 0.55078125 0.3046875 0.0984375 0.0609375
0 0.9296875 0.82109375 0.0640625 0.0484375
1 0.675 0.96875 0.06875 0.046875
1 0.4390625 0.78203125 0.121875 0.078125
1 0.55703125 0.73046875 0.1515625 0.0984375
1 0.7296875 0.8265625 0.09375 0.06875
1 0.7046875 0.77890625 0.0671875 0.0515625
1 0.58203125 0.86875 0.0921875 0.059375
1 0.440625 0.84921875 0.0921875 0.0640625
1 0.46796875 0.90546875 0.0734375 0.053125
1 0.5546875 0.91484375 0.090625 0.059375
1 0.49765625 0.87421875 0.0796875 0.0609375
1 0.05703125 0.928125 0.1140625 0.065625
1 0.34375 0.690625 0.0640625 0.05
1 0.3546875 0.70703125 0.0921875 0.0625
1 0.315625 0.68125 0.1328125 0.1
1 0.1671875 0.58671875 0.1234375 0.05625
1 0.1515625 0.50546875 0.11875 0.0828125
1 0.16796875 0.55625 0.0890625 0.0703125
1 0.16875 0.61640625 0.0625 0.04375
1 0.35859375 0.2703125 0.0625 0.0453125
1 0.2890625 0.2984375 0.1125 0.084375
1 0.390625 0.3203125 0.1296875 0.09375
1 0.6390625 0.3109375 0.125 0.075
1 0.63203125 0.43984375 0.0609375 0.046875
1 0.69609375 0.4734375 0.0828125 0.0546875
1 0.61796875 0.82421875 0.0921875 0.0625
1 0.7125 0.96484375 0.0765625 0.065625