0 0.4203125 0.653125 0.1625 0.1125
0 0.9421875 0.75078125 0.1046875 0.0703125
0 0.93984375 0.578125 0.1046875 0.0765625
0 0.72734375 0.26640625 0.1046875 0.0703125
0 0.58515625 0.34296875 0.121875 0.0890625
0 0.4828125 0.20625 0.125 0.0875
0 0.5984375 0.22734375 0.11875 0.0796875
0 0.6125 0.12578125 0.08125 0.059375
0 0.5828125 0.1703125 0.1078125 0.0703125
0 0.6828125 0.09140625 0.0796875 0.0578125
0 0.7546875 0.03359375 0.125 0.0671875
0 0.2015625 0.5046875 0.13125 0.090625
0 0.3625 0.37890625 0.1578125 0.0875
0 0.54765625 0.60078125 0.1171875 0.0828125
0 0.665625 0.5234375 0.10625 0.071875
0 0.34921875 0.503125 0.15625 0.1171875
0 0.54453125 0.41484375 0.1203125 0.0796875
0 0.50078125 0.35625 0.1 0.0765625
0 0.509375 0.2984375 0.0984375 0.0609375
0 0.97734375 0.72421875 0.0453125 0.0484375
1 0.76796875 0.921875 0.06875 0.046875
1 0.49921875 0.78828125 0.121875 0.078125
1 0.603125 0.7140625 0.1515625 0.0984375
1 0.7921875 0.771875 0.09375 0.06875
1 0.75859375 0.73046875 0.0671875 0.0515625
1 0.65703125 0.84296875 0.0921875 0.059375
1 0.51484375 0.8546875 0.0921875 0.0640625
1 0.55234375 0.903125 0.0734375 0.053125
1 0.63984375 0.89453125 0.090625 0.059375
1 0.57578125 0.86640625 0.0796875 0.0609375
1 0.1515625 0.98984375 0.121875 0.0203125
1 0.3875 0.71953125 0.0640625 0.05
1 0.40078125 0.7328125 0.0921875 0.0625
1 0.35703125 0.715625 0.1328125 0.1
1 0.1921875 0.65390625 0.1234375 0.05625
1 0.16015625 0.578125 0.11875 0.0828125
1 0.18671875 0.62421875 0.0890625 0.0703125
1 0.2 0.68203125 0.0625 0.04375
1 0.3140625 0.30546875 0.0625 0.0453125
1 0.25234375 0.346875 0.1125 0.084375
1 0.35625 0.346875 0.1296875 0.09375
1 0.596875 0.28671875 0.125 0.075
1 0.61640625 0.4140625 0.0609375 0.046875
1 0.6859375 0.43359375 0.0828125 0.0546875
1 0.6828125 0.79296875 0.0921875 0.0625
1 0.8046875 0.91015625 0.0765625 0.065625