1 0.034375 0.9484375 0.0390625 0.08125
1 0.07421875 0.953125 0.0671875 0.0921875
1 0.32578125 0.6859375 0.0828125 0.1359375
1 0.42109375 0.8296875 0.059375 0.115625
1 0.396875 0.834375 0.0265625 0.05625
1 0.44921875 0.83203125 0.053125 0.0921875
1 0.50078125 0.83984375 0.08125 0.115625
0 0.56171875 0.7734375 0.0765625 0.1109375
1 0.5625 0.7328125 0.059375 0.08125
1 0.70546875 0.68125 0.0703125 0.1328125
1 0.68984375 0.34765625 0.0796875 0.1265625
1 0.52265625 0.2953125 0.0453125 0.078125
0 0.55703125 0.425 0.0921875 0.140625
1 0.5578125 0.35625 0.040625 0.0609375
1 0.221875 0.56484375 0.059375 0.1078125
1 0.16015625 0.559375 0.0609375 0.0859375
1 0.09765625 0.540625 0.046875 0.0734375
1 0.121875 0.5078125 0.046875 0.075
1 0.08671875 0.45234375 0.0515625 0.090625
1 0.028125 0.33125 0.0421875 0.0484375
1 0.16953125 0.27421875 0.059375 0.0859375
1 0.17109375 0.39609375 0.059375 0.0796875
1 0.19921875 0.3453125 0.0515625 0.0546875
1 0.21484375 0.29921875 0.0515625 0.071875
1 0.12734375 0.42578125 0.0578125 0.0921875
0 0.65 0.59765625 0.08125 0.1671875
1 0.68828125 0.6078125 0.06875 0.1203125
1 0.95 0.10390625 0.0609375 0.0875
1 0.2671875 0.44609375 0.10625 0.1421875
1 0.3171875 0.3546875 0.05 0.103125
0 0.1578125 0.128125 0.0625 0.0875
0 0.1734375 0.075 0.05 0.05625
0 0.3765625 0.61171875 0.0984375 0.153125
0 0.44765625 0.671875 0.08125 0.1234375
0 0.5328125 0.64140625 0.090625 0.15625
0 0.63828125 0.4515625 0.078125 0.1078125
0 0.6375 0.3640625 0.0703125 0.0953125
0 0.79375 0.4359375 0.0734375 0.1484375
0 0.74765625 0.3203125 0.05625 0.1265625
0 0.80546875 0.3296875 0.059375 0.1296875
0 0.8375 0.29453125 0.053125 0.09375
0 0.85703125 0.21640625 0.0453125 0.0828125
0 0.39453125 0.4609375 0.06875 0.1140625
0 0.434375 0.42421875 0.05 0.0609375
0 0.43828125 0.3359375 0.071875 0.1171875
0 0.32265625 0.07734375 0.075 0.1140625
0 0.0296875 0.8703125 0.0375 0.0953125