1 0.9734375 0.88125 0.025 0.1078125
1 0.7015625 0.66875 0.10625 0.1484375
1 0.63828125 0.82890625 0.078125 0.121875
1 0.66328125 0.82890625 0.0359375 0.0609375
1 0.61171875 0.8375 0.0671875 0.0984375
1 0.56328125 0.85703125 0.0984375 0.1265625
0 0.48984375 0.80546875 0.09375 0.121875
1 0.48046875 0.76484375 0.071875 0.0890625
1 0.33125 0.7453125 0.09375 0.14375
1 0.2765625 0.41484375 0.1 0.1375
1 0.428125 0.32734375 0.0578125 0.084375
0 0.421875 0.46171875 0.1140625 0.153125
1 0.40625 0.39375 0.0515625 0.06875
1 0.778125 0.52734375 0.0765625 0.1140625
1 0.83671875 0.50859375 0.075 0.09375
1 0.89375 0.47734375 0.0578125 0.0796875
1 0.86328125 0.45 0.0578125 0.08125
1 0.88671875 0.38828125 0.065625 0.0953125
1 0.91796875 0.25703125 0.05 0.05625
1 0.76796875 0.23125 0.0734375 0.0921875
1 0.7921875 0.35078125 0.071875 0.0875
1 0.7546875 0.30703125 0.0609375 0.0609375
1 0.7296875 0.26484375 0.0625 0.078125
1 0.840625 0.37109375 0.071875 0.0984375
0 0.3671875 0.6515625 0.1078125 0.178125
1 0.33125 0.66875 0.0875 0.1296875
1 0.709375 0.42109375 0.128125 0.15625
1 0.64140625 0.34140625 0.065625 0.1078125
0 0.74921875 0.0859375 0.0765625 0.0953125
0 0.721875 0.04375 0.059375 0.046875
0 0.63671875 0.60546875 0.1234375 0.165625
0 0.5796875 0.68125 0.1 0.134375
0 0.490625 0.66875 0.115625 0.16875
0 0.34765625 0.5046875 0.09375 0.11875
0 0.33125 0.41875 0.084375 0.10625
0 0.19296875 0.5234375 0.0984375 0.1578125
0 0.2140625 0.4 0.075 0.13125
0 0.16015625 0.42109375 0.08125 0.1359375
0 0.12109375 0.39375 0.06875 0.1
0 0.0859375 0.32109375 0.0578125 0.0890625
0 0.5875 0.46171875 0.0875 0.125
0 0.54140625 0.434375 0.059375 0.0671875
0 0.51953125 0.34921875 0.090625 0.1265625
0 0.578125 0.07421875 0.09375 0.1171875