1 0.02734375 0.88984375 0.0546875 0.1015625
1 0.3015625 0.66015625 0.1015625 0.1453125
1 0.37578125 0.815625 0.075 0.1234375
1 0.3515625 0.81640625 0.0328125 0.059375
1 0.403125 0.821875 0.065625 0.0984375
1 0.453125 0.83671875 0.096875 0.1265625
0 0.5234375 0.7796875 0.090625 0.1203125
1 0.5296875 0.7390625 0.0703125 0.0890625
1 0.678125 0.7078125 0.0875 0.140625
1 0.709375 0.37578125 0.096875 0.1359375
1 0.55078125 0.30078125 0.05625 0.084375
0 0.5671875 0.43359375 0.1109375 0.1515625
1 0.57734375 0.365625 0.0484375 0.0671875
1 0.215625 0.52578125 0.0734375 0.115625
1 0.15546875 0.51171875 0.071875 0.09375
1 0.09609375 0.484375 0.05625 0.0796875
1 0.12421875 0.45546875 0.05625 0.08125
1 0.09765625 0.3953125 0.0640625 0.096875
1 0.05625 0.2671875 0.05 0.0546875
1 0.20390625 0.23046875 0.0703125 0.09375
1 0.1890625 0.3515625 0.0703125 0.0875
1 0.2234375 0.3046875 0.0578125 0.0609375
1 0.2453125 0.26171875 0.0609375 0.078125
1 0.14140625 0.375 0.0703125 0.1
0 0.63515625 0.61796875 0.103125 0.1765625
1 0.67109375 0.6328125 0.084375 0.1296875
1 0.98203125 0.16953125 0.0359375 0.0953125
1 0.27734375 0.4140625 0.125 0.15625
1 0.3390625 0.33046875 0.0640625 0.109375
0 0.21328125 0.084375 0.0734375 0.0953125
0 0.2359375 0.03359375 0.0578125 0.0625
0 0.3625 0.59375 0.11875 0.165625
0 0.42421875 0.66328125 0.0984375 0.134375
0 0.5125 0.64453125 0.1109375 0.1671875
0 0.64375 0.47109375 0.0921875 0.11875
0 0.65546875 0.384375 0.0828125 0.1046875
0 0.8 0.47734375 0.09375 0.15625
0 0.7703125 0.35625 0.0734375 0.134375
0 0.8265625 0.37421875 0.0765625 0.1359375
0 0.8625 0.34375 0.065625 0.1
0 0.89296875 0.26875 0.05625 0.0890625
0 0.40078125 0.446875 0.084375 0.1234375
0 0.4453125 0.415625 0.0578125 0.0671875
0 0.46171875 0.32890625 0.0875 0.125
0 0.3828125 0.059375 0.090625 0.11875