0 0.6296875 0.6140625 0.1609375 0.109375
0 0.17734375 0.8921875 0.1015625 0.06875
0 0.11796875 0.7296875 0.103125 0.075
0 0.20390625 0.36328125 0.1015625 0.06875
0 0.3640625 0.38359375 0.11875 0.0859375
0 0.4109375 0.21953125 0.121875 0.0859375
0 0.31015625 0.28046875 0.1171875 0.0765625
0 0.26171875 0.19140625 0.0796875 0.0578125
0 0.30390625 0.221875 0.1046875 0.065625
0 0.18359375 0.18359375 0.078125 0.05625
0 0.09296875 0.15 0.121875 0.078125
0 0.92265625 0.91953125 0.09375 0.0421875
0 0.78125 0.39765625 0.128125 0.0875
0 0.58515625 0.3375 0.1546875 0.084375
0 0.4921875 0.61171875 0.115625 0.0796875
0 0.353125 0.58125 0.1046875 0.06875
0 0.64140625 0.44921875 0.153125 0.1140625
0 0.42734375 0.43671875 0.11875 0.078125
0 0.44765625 0.365625 0.096875 0.0734375
0 0.41875 0.31484375 0.096875 0.059375
0 0.12578125 0.884375 0.0625 0.046875
1 0.40078125 0.98359375 0.0671875 0.0328125
1 0.6046875 0.76875 0.11875 0.075
1 0.4796875 0.73671875 0.1484375 0.0953125
1 0.32421875 0.85859375 0.090625 0.06875
1 0.34140625 0.8078125 0.065625 0.05
1 0.4765625 0.8765625 0.090625 0.05625
1 0.61328125 0.8359375 0.090625 0.0609375
1 0.5953125 0.8953125 0.071875 0.0515625
1 0.5109375 0.91875 0.0890625 0.05625
1 0.5609375 0.86953125 0.0796875 0.059375
1 0.97421875 0.85859375 0.0515625 0.0734375
1 0.98125 0.90078125 0.0375 0.0453125
1 0.68359375 0.6640625 0.0625 0.0484375
1 0.67578125 0.68125 0.090625 0.059375
1 0.71015625 0.65 0.13125 0.096875
1 0.8421875 0.53359375 0.1203125 0.0546875
1 0.8453125 0.45078125 0.1171875 0.0796875
1 0.8359375 0.503125 0.0859375 0.0671875
1 0.8453125 0.56328125 0.0609375 0.04375
1 0.60390625 0.2515625 0.0609375 0.04375
1 0.6765625 0.26796875 0.109375 0.08125
1 0.5796875 0.30546875 0.1265625 0.090625
1 0.3328125 0.33515625 0.121875 0.071875
1 0.36015625 0.4609375 0.059375 0.046875
1 0.30234375 0.5046875 0.08125 0.053125
1 0.43359375 0.83828125 0.090625 0.059375
1 0.36171875 0.9796875 0.0734375 0.040625