1 0.67890625 0.57421875 0.159375 0.190625
1 0.55234375 0.5109375 0.1234375 0.1640625
1 0.621875 0.4671875 0.09375 0.13125
0 0.43046875 0.48984375 0.153125 0.2703125
1 0.40625 0.63046875 0.06875 0.0796875
1 0.17109375 0.8234375 0.1671875 0.175
1 0.20859375 0.92265625 0.1140625 0.14375
1 0.053125 0.72890625 0.0640625 0.1578125
1 0.05234375 0.19296875 0.1046875 0.1828125
1 0.95390625 0.2078125 0.05625 0.1375
1 0.9171875 0.2265625 0.10625 0.1921875
1 0.89296875 0.9078125 0.0765625 0.0921875
0 0.62734375 0.1828125 0.0828125 0.134375
0 0.265625 0.45625 0.190625 0.253125
0 0.2484375 0.1734375 0.1265625 0.203125
0 0.353125 0.384375 0.1375 0.2578125
0 0.84140625 0.1859375 0.134375 0.2421875
0 0.1109375 0.7078125 0.103125 0.1484375