0 0.11953125 0.7265625 0.1921875 0.1140625
0 0.2484375 0.15859375 0.1703125 0.090625
0 0.18359375 0.3515625 0.1328125 0.0734375
0 0.459375 0.5953125 0.259375 0.1375
0 0.40546875 0.75 0.271875 0.1609375
0 0.33828125 0.65390625 0.2234375 0.1140625
0 0.17578125 0.13515625 0.1140625 0.065625
0 0.65703125 0.94375 0.1765625 0.1125
1 0.265625 0.0328125 0.140625 0.065625
1 0.58125 0.359375 0.1765625 0.1515625
1 0.5109375 0.47734375 0.14375 0.1203125
1 0.1515625 0.41875 0.1125 0.0578125
1 0.1640625 0.309375 0.103125 0.0796875
1 0.7734375 0.8984375 0.1671875 0.153125
1 0.875 0.88125 0.1234375 0.1109375
1 0.8265625 0.57109375 0.115625 0.0875
1 0.13671875 0.92421875 0.2125 0.0890625
1 0.11484375 0.9515625 0.121875 0.0359375
1 0.31015625 0.08359375 0.1140625 0.06875
1 0.20703125 0.04453125 0.0796875 0.065625
1 0.490625 0.03515625 0.115625 0.0703125
1 0.5640625 0.28203125 0.1078125 0.075
1 0.65625 0.98203125 0.165625 0.0359375
1 0.45546875 0.39140625 0.0953125 0.0546875