1 0.671875 0.41015625 0.14375 0.178125
1 0.5515625 0.484375 0.1109375 0.1546875
1 0.62421875 0.521875 0.0828125 0.125
0 0.43125 0.51640625 0.1296875 0.259375
1 0.3953125 0.378125 0.0625 0.075
1 0.14375 0.20625 0.153125 0.1625
1 0.17265625 0.1046875 0.103125 0.1359375
1 0.03515625 0.3109375 0.0515625 0.153125
1 0.078125 0.8453125 0.09375 0.175
1 0.97734375 0.7515625 0.0453125 0.134375
1 0.9390625 0.7359375 0.0890625 0.184375
1 0.85625 0.059375 0.0703125 0.0859375
0 0.6546875 0.8046875 0.0734375 0.128125
0 0.2703125 0.5640625 0.1703125 0.2390625
0 0.278125 0.846875 0.109375 0.1953125
0 0.3640625 0.628125 0.115625 0.2484375
0 0.8671875 0.7828125 0.1140625 0.2328125
0 0.09453125 0.3265625 0.090625 0.140625