0 0.321875 0.90234375 0.134375 0.1953125
0 0.86953125 0.70859375 0.1109375 0.1765625
0 0.6859375 0.79609375 0.0875 0.1390625
0 0.41015625 0.5515625 0.1671875 0.26875
0 0.2640625 0.62421875 0.190625 0.284375
0 0.3671875 0.67890625 0.1375 0.23125
0 0.9015625 0.77734375 0.078125 0.11875
0 0.05234375 0.39765625 0.1046875 0.1859375
1 0.975 0.67265625 0.05 0.1484375
1 0.6296875 0.40234375 0.16875 0.190625
1 0.52109375 0.48671875 0.134375 0.1546875
1 0.6234375 0.8359375 0.0703125 0.1171875
1 0.73046875 0.81015625 0.090625 0.1109375
1 0.078125 0.27734375 0.15625 0.1828125
1 0.07578125 0.17421875 0.1234375 0.134375
1 0.38984375 0.184375 0.0984375 0.1234375
1 0.1234375 0.9015625 0.1125 0.196875
1 0.0984375 0.9375 0.05 0.1234375
1 0.93671875 0.63828125 0.0828125 0.1203125
1 0.975 0.73515625 0.05 0.0859375
1 0.96015625 0.4515625 0.0796875 0.121875
1 0.70859375 0.41015625 0.0859375 0.1140625
1 0.0140625 0.4046875 0.028125 0.16875
1 0.6125 0.53125 0.065625 0.1