0 0.24140625 0.859375 0.0984375 0.184375
0 0.81796875 0.78046875 0.078125 0.1640625
0 0.6203125 0.828125 0.0625 0.128125
0 0.4015625 0.53203125 0.1171875 0.25
0 0.24296875 0.57265625 0.1390625 0.2609375
0 0.3328125 0.64765625 0.0953125 0.215625
0 0.83515625 0.8546875 0.05625 0.109375
0 0.06875 0.3046875 0.103125 0.1703125
1 0.95859375 0.775 0.0828125 0.134375
1 0.646875 0.43125 0.1375 0.165625
1 0.5234375 0.49140625 0.109375 0.134375
1 0.55078125 0.85390625 0.0484375 0.109375
1 0.6609375 0.8515625 0.0703125 0.0984375
1 0.1265625 0.19296875 0.140625 0.15625
1 0.153125 0.09296875 0.1015625 0.115625
1 0.4578125 0.16875 0.078125 0.1109375
1 0.04609375 0.825 0.071875 0.20625
1 0.01640625 0.84453125 0.025 0.1203125
1 0.8984375 0.72578125 0.0609375 0.109375
1 0.928125 0.83125 0.059375 0.075
1 0.965625 0.55 0.06875 0.109375
1 0.72265625 0.45546875 0.0671875 0.103125
1 0.021875 0.30078125 0.04375 0.1625
1 0.60390625 0.55390625 0.0484375 0.0921875