0 0.1625 0.2140625 0.140625 0.203125
0 0.740625 0.15078125 0.115625 0.178125
0 0.5375 0.15234375 0.0921875 0.1390625
0 0.396875 0.49296875 0.1734375 0.2703125
0 0.2328125 0.49140625 0.1984375 0.2875
0 0.30234375 0.396875 0.1453125 0.2328125
0 0.7390625 0.075 0.08125 0.1203125
0 0.12890625 0.79375 0.1421875 0.190625
1 0.878125 0.121875 0.1125 0.15
1 0.659375 0.53125 0.1734375 0.19375
1 0.525 0.50234375 0.1390625 0.15625
1 0.46328125 0.14453125 0.0734375 0.1171875
1 0.57109375 0.1203125 0.0921875 0.1125
1 0.21171875 0.88828125 0.175 0.1859375
1 0.2609375 0.95546875 0.125 0.0890625
1 0.5390625 0.83125 0.103125 0.1265625
1 0.0203125 0.29453125 0.040625 0.2171875
1 0.83203125 0.184375 0.084375 0.1203125
1 0.83515625 0.075 0.075 0.0875
1 0.93984375 0.3390625 0.09375 0.1234375
1 0.7265625 0.4890625 0.090625 0.115625
1 0.084375 0.80859375 0.08125 0.16875
1 0.5875 0.42265625 0.06875 0.1015625