0 0.1671875 0.7921875 0.1375 0.2015625
0 0.746875 0.84453125 0.1125 0.178125
0 0.54375 0.846875 0.0890625 0.1390625
0 0.396875 0.509375 0.1703125 0.2703125
0 0.23359375 0.51328125 0.19375 0.2859375
0 0.30390625 0.60625 0.1421875 0.23125
0 0.746875 0.92109375 0.0796875 0.11875
0 0.1234375 0.2125 0.1390625 0.190625
1 0.88515625 0.87109375 0.1109375 0.15
1 0.65859375 0.46640625 0.171875 0.1921875
1 0.525 0.496875 0.1375 0.15625
1 0.46953125 0.85625 0.071875 0.1171875
1 0.57734375 0.87890625 0.090625 0.1109375
1 0.20546875 0.1171875 0.171875 0.184375
1 0.25390625 0.04609375 0.1234375 0.0921875
1 0.53359375 0.16796875 0.1015625 0.1265625
1 0.02109375 0.71484375 0.0421875 0.2171875
1 0.8375 0.809375 0.0828125 0.1203125
1 0.84296875 0.91875 0.075 0.0859375
1 0.9421875 0.653125 0.0921875 0.121875
1 0.72734375 0.50703125 0.0890625 0.115625
1 0.07890625 0.1984375 0.0796875 0.16875
1 0.5890625 0.57578125 0.0671875 0.1