1 0.6109375 0.40546875 0.1859375 0.2015625
1 0.503125 0.5015625 0.146875 0.1734375
1 0.5796875 0.52421875 0.1140625 0.1359375
0 0.38828125 0.55625 0.1921875 0.278125
1 0.33203125 0.42890625 0.0796875 0.0828125
1 0.0765625 0.30859375 0.153125 0.1890625
1 0.071875 0.2046875 0.1375 0.1515625
1 0.00546875 0.43203125 0.0109375 0.1578125
1 0.0875 0.9265625 0.134375 0.146875
1 0.94375 0.675 0.0421875 0.1453125
1 0.9109375 0.6703125 0.1109375 0.1953125
1 0.740625 0.0390625 0.090625 0.06875
0 0.65078125 0.79453125 0.10625 0.1375
0 0.2359375 0.63515625 0.228125 0.265625
0 0.284375 0.90234375 0.15625 0.1953125
0 0.33828125 0.6796875 0.178125 0.2625
0 0.8578125 0.73203125 0.1703125 0.246875
0 0.04453125 0.4359375 0.0890625 0.153125