1 0.59296875 0.6125 0.2171875 0.23125
1 0.503125 0.49921875 0.175 0.1953125
1 0.5828125 0.48984375 0.1359375 0.153125
0 0.4 0.425 0.2375 0.3078125
1 0.321875 0.540625 0.0921875 0.0953125
1 0.07109375 0.6140625 0.1421875 0.2125
1 0.05390625 0.71640625 0.1078125 0.1734375
1 0.01015625 0.48046875 0.0203125 0.1578125
1 0.16796875 0.04609375 0.1578125 0.0921875
1 0.96640625 0.4046875 0.0671875 0.15
1 0.93125 0.403125 0.1375 0.2125
1 0.65703125 0.97734375 0.1015625 0.0453125
0 0.7 0.2359375 0.128125 0.153125
0 0.26328125 0.32109375 0.2703125 0.3015625
0 0.3578125 0.0875 0.1875 0.175
0 0.371875 0.2953125 0.2203125 0.2890625
0 0.89296875 0.33359375 0.2109375 0.2734375
0 0.0484375 0.484375 0.096875 0.165625