1 0.68828125 0.5453125 0.1828125 0.2078125
1 0.55390625 0.50234375 0.14375 0.178125
1 0.615625 0.4484375 0.1109375 0.140625
0 0.4296875 0.50078125 0.1890625 0.2828125
1 0.428125 0.64375 0.078125 0.0875
1 0.22578125 0.87109375 0.1875 0.1953125
1 0.27734375 0.9421875 0.1328125 0.115625
1 0.09453125 0.79609375 0.0875 0.1609375
1 0.03671875 0.26640625 0.0734375 0.1921875
1 0.90234375 0.140625 0.0765625 0.140625
1 0.86875 0.16484375 0.13125 0.2
1 0.95234375 0.84140625 0.0890625 0.1015625
0 0.5765625 0.1671875 0.1015625 0.1421875
0 0.26171875 0.49375 0.2234375 0.2734375
0 0.20078125 0.2171875 0.153125 0.215625
0 0.33671875 0.40859375 0.171875 0.2703125
0 0.7875 0.13671875 0.1671875 0.2546875
0 0.1484375 0.76640625 0.121875 0.1578125