0 0.328125 0.09609375 0.1375 0.1921875
0 0.8734375 0.29765625 0.1140625 0.178125
0 0.69140625 0.20703125 0.090625 0.140625
0 0.4109375 0.446875 0.171875 0.271875
0 0.26640625 0.371875 0.1953125 0.2875
0 0.3703125 0.31875 0.1421875 0.234375
0 0.90625 0.2296875 0.0796875 0.1203125
0 0.05234375 0.59375 0.1046875 0.1875
1 0.97578125 0.3359375 0.0484375 0.15
1 0.628125 0.6 0.171875 0.19375
1 0.52109375 0.51328125 0.1375 0.15625
1 0.62890625 0.16640625 0.0734375 0.1171875
1 0.7359375 0.19375 0.0921875 0.1125
1 0.0765625 0.71484375 0.153125 0.1859375
1 0.0703125 0.81796875 0.125 0.1359375
1 0.384375 0.81328125 0.1 0.1265625
1 0.1296875 0.0953125 0.115625 0.190625
1 0.10546875 0.05859375 0.0515625 0.1171875
1 0.9390625 0.36953125 0.084375 0.121875
1 0.9765625 0.2734375 0.046875 0.0875
1 0.959375 0.55625 0.08125 0.1234375
1 0.70703125 0.59375 0.0875 0.115625
1 0.0140625 0.5859375 0.028125 0.16875
1 0.61328125 0.47109375 0.0671875 0.1015625