0 0.190625 0.8171875 0.1984375 0.1296875
0 0.16875 0.2359375 0.175 0.103125
0 0.15625 0.43828125 0.1375 0.084375
0 0.4859375 0.60234375 0.2671875 0.1578125
0 0.4734375 0.765625 0.28125 0.1828125
0 0.38359375 0.690625 0.2296875 0.1328125
0 0.0921875 0.23125 0.1171875 0.075
0 0.7671875 0.890625 0.184375 0.13125
1 0.14921875 0.09609375 0.146875 0.1046875
1 0.5421875 0.34375 0.1875 0.1640625
1 0.5046875 0.47578125 0.1515625 0.13125
1 0.14296875 0.51171875 0.115625 0.0671875
1 0.12578125 0.40234375 0.109375 0.0875
1 0.8671875 0.8140625 0.178125 0.165625
1 0.94765625 0.7703125 0.1046875 0.11875
1 0.83359375 0.484375 0.121875 0.0953125
1 0.2578125 0.975 0.215625 0.05
1 0.20859375 0.146875 0.11875 0.078125
1 0.09921875 0.1359375 0.084375 0.071875
1 0.36953125 0.05 0.1203125 0.0859375
1 0.50546875 0.27265625 0.1125 0.0828125
1 0.77890625 0.9359375 0.1671875 0.071875
1 0.42890625 0.40703125 0.0984375 0.0625