0 0.90390625 0.79375 0.040625 0.0765625
0 0.87734375 0.70703125 0.040625 0.06875
1 0.953125 0.74140625 0.046875 0.0484375
0 0.9609375 0.72578125 0.0328125 0.05
0 0.5171875 0.67421875 0.0875 0.1640625
0 0.240625 0.75859375 0.096875 0.1484375
0 0.325 0.484375 0.0609375 0.1390625
0 0.6328125 0.759375 0.0578125 0.0921875
0 0.6828125 0.76171875 0.0328125 0.0640625
1 0.9453125 0.74140625 0.0375 0.0453125
1 0.78828125 0.7421875 0.0375 0.059375
1 0.79140625 0.796875 0.0296875 0.0375
1 0.7921875 0.68359375 0.03125 0.0546875
1 0.653125 0.475 0.08125 0.1
1 0.82109375 0.50234375 0.0359375 0.0515625
1 0.62109375 0.3296875 0.0484375 0.053125
1 0.6078125 0.2140625 0.046875 0.0546875
1 0.22734375 0.19375 0.05 0.0859375
1 0.13203125 0.1890625 0.053125 0.1
1 0.0359375 0.50546875 0.071875 0.146875
1 0.2140625 0.46015625 0.0796875 0.121875
1 0.275 0.58515625 0.0875 0.1734375
1 0.35546875 0.48515625 0.034375 0.071875
1 0.4859375 0.784375 0.059375 0.1125
1 0.4796875 0.721875 0.04375 0.075
1 0.72421875 0.72109375 0.053125 0.09375
1 0.75859375 0.7875 0.0484375 0.08125
1 0.0203125 0.54453125 0.040625 0.1484375
1 0.23125 0.5921875 0.065625 0.18125