0 0.03359375 0.628125 0.0578125 0.0828125
0 0.0828125 0.55234375 0.05625 0.0765625
1 0.01484375 0.56171875 0.0296875 0.0546875
0 0.009375 0.5453125 0.01875 0.053125
0 0.434375 0.6328125 0.125 0.178125
0 0.67578125 0.7984375 0.13125 0.1671875
0 0.67109375 0.51015625 0.0921875 0.1484375
0 0.3015625 0.678125 0.078125 0.1015625
0 0.25390625 0.665625 0.05 0.06875
1 0.015625 0.56328125 0.03125 0.0515625
1 0.15859375 0.61328125 0.053125 0.0671875
1 0.13984375 0.665625 0.0375 0.0421875
1 0.17109375 0.55625 0.04375 0.059375
1 0.359375 0.39921875 0.1046875 0.1140625
1 0.1921875 0.3734375 0.0484375 0.0578125
1 0.43046875 0.26953125 0.0609375 0.0625
1 0.475 0.1640625 0.059375 0.0625
1 0.84375 0.26171875 0.06875 0.0921875
1 0.93515625 0.2875 0.0765625 0.1078125
1 0.9421875 0.6203125 0.1109375 0.1609375
1 0.7828125 0.521875 0.10625 0.134375
1 0.69140625 0.621875 0.128125 0.1890625
1 0.64140625 0.5015625 0.05 0.0765625
1 0.434375 0.74765625 0.0859375 0.121875
1 0.45703125 0.6890625 0.0609375 0.0828125
1 0.225 0.6140625 0.0734375 0.1015625
1 0.1734375 0.66640625 0.0671875 0.0890625
1 0.9484375 0.66328125 0.084375 0.15625
1 0.7296875 0.6421875 0.1078125 0.1921875