0 0.9234375 0.76484375 0.0453125 0.078125
0 0.890625 0.68046875 0.0453125 0.071875
1 0.96875 0.709375 0.05 0.0515625
0 0.97578125 0.69296875 0.0375 0.0515625
0 0.5296875 0.67265625 0.0984375 0.1703125
0 0.259375 0.77578125 0.10625 0.1546875
0 0.32421875 0.496875 0.071875 0.1421875
0 0.65078125 0.74921875 0.065625 0.096875
0 0.70078125 0.7484375 0.0375 0.065625
1 0.9609375 0.709375 0.040625 0.0484375
1 0.8046875 0.721875 0.0421875 0.0625
1 0.81171875 0.77578125 0.0328125 0.0390625
1 0.80390625 0.6625 0.034375 0.05625
1 0.65078125 0.4640625 0.0875 0.1046875
1 0.8203125 0.4796875 0.0390625 0.0546875
1 0.60859375 0.321875 0.0515625 0.05625
1 0.5875 0.20703125 0.05 0.0578125
1 0.20703125 0.21328125 0.05625 0.090625
1 0.1109375 0.215625 0.059375 0.103125
1 0.0390625 0.53671875 0.078125 0.1515625
1 0.21171875 0.48046875 0.0875 0.1265625
1 0.28125 0.60078125 0.1 0.1796875
1 0.3546875 0.4953125 0.0390625 0.0734375
1 0.50546875 0.784375 0.0671875 0.115625
1 0.4953125 0.72265625 0.0484375 0.078125
1 0.7390625 0.7046875 0.059375 0.096875
1 0.778125 0.76875 0.0546875 0.084375
1 0.025 0.57734375 0.05 0.1515625
1 0.23828125 0.6109375 0.078125 0.1859375