0 0.37265625 0.48046875 0.171875 0.1859375
0 0.8140625 0.61796875 0.215625 0.278125
0 0.67109375 0.47734375 0.2 0.2625
0 0.5421875 0.48046875 0.1421875 0.1859375
0 0.2921875 0.396875 0.15 0.1796875
0 0.21796875 0.46640625 0.128125 0.1546875
0 0.15234375 0.38359375 0.1234375 0.1609375
1 0.8828125 0.74453125 0.096875 0.1
1 0.790625 0.2875 0.1609375 0.18125
1 0.6984375 0.65234375 0.13125 0.1484375
1 0.54140625 0.67890625 0.1 0.1078125
1 0.38828125 0.60703125 0.0859375 0.0953125
1 0.28515625 0.6140625 0.090625 0.1015625
1 0.4875 0.17734375 0.0875 0.1046875
1 0.35625 0.24375 0.090625 0.090625
1 0.2328125 0.15390625 0.0875 0.1109375
1 0.1234375 0.2296875 0.1078125 0.1265625
1 0.05703125 0.1703125 0.1046875 0.11875
1 0.31640625 0.0625 0.0765625 0.0703125
1 0.35546875 0.14140625 0.0859375 0.096875
1 0.39921875 0.04609375 0.078125 0.0875