0 0.62734375 0.4828125 0.1734375 0.1859375
0 0.184375 0.6125 0.21875 0.278125
0 0.32890625 0.47421875 0.203125 0.2640625
0 0.4578125 0.4796875 0.1453125 0.1875
0 0.709375 0.40078125 0.1515625 0.18125
0 0.7828125 0.47109375 0.13125 0.15625
0 0.84921875 0.390625 0.1265625 0.1625
1 0.1125 0.7375 0.1 0.1015625
1 0.2140625 0.2828125 0.1640625 0.184375
1 0.29921875 0.64921875 0.134375 0.1515625
1 0.45546875 0.678125 0.1015625 0.109375
1 0.61015625 0.60859375 0.0875 0.09375
1 0.71328125 0.61796875 0.0921875 0.103125
1 0.51796875 0.178125 0.0890625 0.1046875
1 0.6484375 0.24609375 0.0921875 0.0921875
1 0.77265625 0.15859375 0.0859375 0.1078125
1 0.88125 0.2359375 0.109375 0.128125
1 0.94765625 0.17734375 0.1046875 0.1203125
1 0.690625 0.065625 0.078125 0.0703125
1 0.65078125 0.14375 0.0875 0.096875
1 0.6078125 0.0484375 0.0796875 0.0859375