0 0.3828125 0.55390625 0.2046875 0.2140625
0 0.76875 0.3 0.265625 0.3125
0 0.67109375 0.47421875 0.246875 0.2953125
0 0.54609375 0.50703125 0.175 0.209375
0 0.32890625 0.65625 0.18125 0.2046875
0 0.23828125 0.61015625 0.15625 0.175
0 0.19765625 0.7078125 0.153125 0.18125
1 0.80078125 0.159375 0.1140625 0.1171875
1 0.8375 0.62421875 0.1921875 0.209375
1 0.6484375 0.2984375 0.1578125 0.1703125
1 0.490625 0.31640625 0.11875 0.125
1 0.3625 0.428125 0.1015625 0.109375
1 0.26171875 0.45 0.109375 0.1171875
1 0.5765625 0.81328125 0.10625 0.11875
1 0.4328125 0.7859375 0.10625 0.10625
1 0.3390625 0.90625 0.1078125 0.125
1 0.2125 0.8640625 0.13125 0.1453125
1 0.1640625 0.93515625 0.125 0.1296875
1 0.44453125 0.9640625 0.0890625 0.071875
1 0.46015625 0.884375 0.103125 0.1109375
1 0.528125 0.95703125 0.09375 0.0859375