0 0.55390625 0.6171875 0.1515625 0.134375
0 0.3 0.23125 0.240625 0.1546875
0 0.47421875 0.32890625 0.2296875 0.1390625
0 0.50703125 0.45390625 0.1640625 0.1
0 0.65625 0.67109375 0.1546875 0.109375
0 0.61015625 0.76171875 0.13125 0.09375
0 0.70703125 0.80234375 0.140625 0.0875
1 0.159375 0.19921875 0.08125 0.0765625
1 0.62421875 0.1625 0.1515625 0.121875
1 0.2984375 0.3515625 0.1265625 0.1
1 0.31640625 0.509375 0.0890625 0.078125
1 0.428125 0.63671875 0.078125 0.065625
1 0.45 0.73828125 0.0859375 0.06875
1 0.81328125 0.4234375 0.0890625 0.0640625
1 0.7859375 0.5671875 0.071875 0.0703125
1 0.90625 0.6609375 0.0953125 0.0609375
1 0.8640625 0.7875 0.10625 0.08125
1 0.9390625 0.83515625 0.1 0.078125
1 0.97109375 0.55546875 0.0546875 0.0640625
1 0.884375 0.53984375 0.0796875 0.065625
1 0.9640625 0.471875 0.071875 0.059375