0 0.240625 0.0796875 0.14375 0.096875
0 0.4203125 0.9328125 0.1265625 0.0890625
0 0.61171875 0.925 0.09375 0.0609375
0 0.7859375 0.7890625 0.159375 0.10625
0 0.66328125 0.64140625 0.15625 0.0984375
0 0.65078125 0.96484375 0.125 0.0578125
0 0.6796875 0.896875 0.103125 0.0734375
0 0.88984375 0.80859375 0.0984375 0.065625
0 0.6890625 0.43359375 0.15 0.0890625
0 0.40859375 0.4484375 0.11875 0.078125
0 0.35625 0.05390625 0.0953125 0.065625
0 0.6875 0.0765625 0.1296875 0.0625
0 0.65625 0.225 0.090625 0.040625
0 0.54921875 0.78828125 0.1015625 0.05625
0 0.52734375 0.63359375 0.1234375 0.0890625
0 0.34453125 0.40625 0.1078125 0.0703125
0 0.6734375 0.53046875 0.14375 0.09375
0 0.79375 0.34375 0.090625 0.053125
0 0.796875 0.23671875 0.0953125 0.065625
0 0.640625 0.2609375 0.0765625 0.040625
0 0.8109375 0.30390625 0.1171875 0.0765625
0 0.63125 0.76484375 0.1015625 0.065625
0 0.646875 0.80546875 0.0875 0.0453125
0 0.63515625 0.84609375 0.08125 0.0484375
0 0.52890625 0.62265625 0.1453125 0.115625
0 0.41796875 0.35703125 0.13125 0.090625
0 0.32890625 0.29140625 0.1171875 0.0734375
0 0.9296875 0.8046875 0.1390625 0.1109375
0 0.525 0.97578125 0.134375 0.0484375
0 0.45546875 0.2296875 0.1234375 0.075
0 0.48515625 0.15234375 0.1078125 0.065625
0 0.45234375 0.0640625 0.0921875 0.04375
0 0.4328125 0.03046875 0.08125 0.0546875
0 0.4328125 0.10625 0.075 0.0484375
1 0.55234375 0.5421875 0.0890625 0.06875
1 0.5453125 0.83125 0.090625 0.0453125
1 0.6046875 0.49921875 0.0890625 0.075
1 0.3546875 0.33359375 0.090625 0.05
1 0.35703125 0.09375 0.06875 0.0421875
1 0.27265625 0.0328125 0.10625 0.04375
1 0.3109375 0.36015625 0.071875 0.0421875
1 0.38828125 0.62890625 0.065625 0.0421875
1 0.40625 0.9921875 0.1 0.015625
1 0.453125 0.9703125 0.109375 0.059375