0 0.9375 0.2703125 0.0875 0.1375
0 0.0734375 0.390625 0.08125 0.121875
0 0.06796875 0.58203125 0.0546875 0.0921875
0 0.19140625 0.76484375 0.0953125 0.153125
0 0.34765625 0.653125 0.0875 0.1484375
0 0.02578125 0.61796875 0.05 0.121875
0 0.09140625 0.6515625 0.0671875 0.0984375
0 0.16484375 0.8671875 0.0609375 0.09375
0 0.553125 0.69296875 0.0796875 0.1453125
0 0.5578125 0.4125 0.0703125 0.1140625
0 0.9546875 0.3875 0.059375 0.090625
0 0.909375 0.71640625 0.053125 0.1265625
0 0.76328125 0.675 0.0359375 0.0890625
0 0.209375 0.52890625 0.0484375 0.0984375
0 0.36484375 0.51796875 0.08125 0.11875
0 0.6046875 0.3515625 0.0625 0.103125
0 0.4578125 0.67109375 0.084375 0.1375
0 0.63515625 0.80390625 0.046875 0.0875
0 0.7421875 0.81484375 0.0609375 0.0921875
0 0.72890625 0.65703125 0.0359375 0.075
0 0.67421875 0.82421875 0.06875 0.1125
0 0.2265625 0.6125 0.059375 0.0984375
0 0.18515625 0.625 0.0390625 0.084375
0 0.1453125 0.6109375 0.04375 0.0796875
0 0.37578125 0.5203125 0.10625 0.1390625
0 0.6484375 0.428125 0.0828125 0.1265625
0 0.7203125 0.34375 0.065625 0.1125
0 0.16640625 0.90703125 0.1015625 0.1328125
0 0.02109375 0.49140625 0.0421875 0.13125
0 0.77265625 0.47421875 0.0671875 0.11875
0 0.84765625 0.509375 0.0578125 0.1046875
0 0.93828125 0.4828125 0.0375 0.0890625
0 0.9734375 0.465625 0.0515625 0.0796875
0 0.89765625 0.46015625 0.04375 0.071875
1 0.45390625 0.54921875 0.0625 0.0828125
1 0.16640625 0.521875 0.0390625 0.0875
1 0.49375 0.6046875 0.06875 0.0828125
1 0.67578125 0.36640625 0.04375 0.0875
1 0.91484375 0.3859375 0.0375 0.0671875
1 0.98203125 0.30546875 0.0359375 0.1046875
1 0.65234375 0.32109375 0.0375 0.06875
1 0.37890625 0.3796875 0.0390625 0.0625
1 0.01015625 0.37265625 0.0203125 0.0984375
1 0.0296875 0.4203125 0.059375 0.10625