0 0.35859375 0.95390625 0.1640625 0.0921875
0 0.3109375 0.10234375 0.146875 0.1203125
0 0.49765625 0.0609375 0.10625 0.084375
0 0.7015625 0.146875 0.18125 0.14375
0 0.62109375 0.32109375 0.1765625 0.1359375
0 0.52421875 0.02734375 0.1359375 0.0546875
0 0.57109375 0.0703125 0.11875 0.0984375
0 0.796875 0.10078125 0.1125 0.0890625
0 0.7 0.51484375 0.1671875 0.125
0 0.425 0.5734375 0.134375 0.10625
0 0.47578125 0.96171875 0.1078125 0.0765625
0 0.790625 0.86015625 0.1421875 0.09375
0 0.721875 0.725 0.0984375 0.0625
0 0.47265625 0.20859375 0.1125 0.08125
0 0.4921875 0.3640625 0.1421875 0.11875
0 0.37421875 0.63046875 0.121875 0.0953125
0 0.659375 0.42578125 0.1625 0.128125
0 0.82421875 0.575 0.1015625 0.075
0 0.8546875 0.67734375 0.1078125 0.0875
0 0.69765625 0.69453125 0.084375 0.059375
0 0.85078125 0.60859375 0.1328125 0.1046875
0 0.55859375 0.21015625 0.1140625 0.0890625
0 0.5625 0.1671875 0.096875 0.0671875
0 0.540625 0.13046875 0.090625 0.0671875
0 0.49609375 0.37421875 0.1703125 0.15
0 0.4578125 0.659375 0.15 0.121875
0 0.3890625 0.74609375 0.1328125 0.1015625
0 0.8359375 0.09453125 0.1640625 0.1421875
0 0.40078125 0.03671875 0.1421875 0.0734375
0 0.5265625 0.77265625 0.1390625 0.1046875
0 0.57578125 0.83984375 0.121875 0.090625
0 0.56640625 0.93359375 0.1 0.065625
0 0.55546875 0.9671875 0.0921875 0.065625
0 0.53671875 0.89765625 0.0859375 0.0671875
1 0.53984375 0.4453125 0.103125 0.0890625
1 0.4578125 0.16796875 0.0984375 0.0671875
1 0.6015625 0.4734375 0.10625 0.0953125
1 0.40234375 0.6984375 0.1 0.071875
1 0.4671875 0.9296875 0.078125 0.059375
1 0.40078125 0.9875 0.1140625 0.025
1 0.35390625 0.684375 0.0796875 0.059375
1 0.35859375 0.4046875 0.075 0.0578125
1 0.28203125 0.04921875 0.1 0.040625
1 0.3328125 0.0578125 0.1203125 0.0859375