0 0.05546875 0.28984375 0.1046875 0.21875
0 0.1859375 0.2 0.1015625 0.15
0 0.32578125 0.2796875 0.090625 0.1671875
0 0.40234375 0.24375 0.0765625 0.11875
0 0.18046875 0.396875 0.1078125 0.15625
0 0.49375 0.346875 0.06875 0.1046875
0 0.47890625 0.25546875 0.0921875 0.14375
0 0.53984375 0.3671875 0.0734375 0.1296875
0 0.57265625 0.4140625 0.05 0.0953125
0 0.64921875 0.41484375 0.06875 0.1015625
0 0.74140625 0.38203125 0.0671875 0.1265625
0 0.7875 0.43828125 0.0609375 0.121875
0 0.83828125 0.4296875 0.04375 0.09375
0 0.7640625 0.5671875 0.05 0.0703125
0 0.88359375 0.58125 0.059375 0.0875
0 0.93828125 0.5921875 0.0625 0.0984375
0 0.81484375 0.56484375 0.0390625 0.06875
1 0.11015625 0.35546875 0.0734375 0.1234375
1 0.16953125 0.28984375 0.0796875 0.1375
1 0.659375 0.5015625 0.05 0.0828125
1 0.64453125 0.43828125 0.0296875 0.0625
1 0.66796875 0.69453125 0.053125 0.0796875
1 0.76640625 0.45625 0.0453125 0.0734375
1 0.8453125 0.47578125 0.0515625 0.0921875
1 0.84296875 0.59921875 0.0375 0.0734375
1 0.82421875 0.6625 0.040625 0.0703125
1 0.934375 0.66875 0.04375 0.05625
1 0.959375 0.63828125 0.0484375 0.0578125