0 0.04375 0.5953125 0.0875 0.23125
0 0.12265625 0.715625 0.125 0.1609375
0 0.27734375 0.671875 0.1171875 0.178125
0 0.34375 0.725 0.09375 0.128125
0 0.16484375 0.5234375 0.1328125 0.171875
0 0.45703125 0.64765625 0.0859375 0.1140625
0 0.4203125 0.73203125 0.1140625 0.15625
0 0.50625 0.6390625 0.09375 0.1390625
0 0.55 0.60078125 0.065625 0.1015625
0 0.62421875 0.61875 0.084375 0.1109375
0 0.70625 0.6734375 0.0875 0.1359375
0 0.7640625 0.6296875 0.0796875 0.128125
0 0.81171875 0.65 0.05625 0.096875
0 0.77265625 0.49921875 0.059375 0.0765625
0 0.89140625 0.5140625 0.0734375 0.0953125
0 0.94765625 0.5171875 0.078125 0.1078125
0 0.82109375 0.51328125 0.05 0.071875
1 0.08671875 0.5453125 0.0921875 0.1328125
1 0.12890625 0.62421875 0.1015625 0.1484375
1 0.65546875 0.53671875 0.0625 0.0890625
1 0.625 0.59453125 0.040625 0.065625
1 0.71015625 0.35234375 0.065625 0.0875
1 0.74765625 0.60703125 0.0546875 0.078125
1 0.8296875 0.60703125 0.0640625 0.096875
1 0.85703125 0.48671875 0.0484375 0.078125
1 0.85390625 0.42109375 0.0515625 0.075
1 0.96171875 0.44140625 0.0515625 0.0640625
1 0.97578125 0.47734375 0.0484375 0.0640625