0 0.04375 0.41953125 0.0875 0.2328125
0 0.115625 0.29765625 0.1296875 0.165625
0 0.271875 0.33671875 0.121875 0.1796875
0 0.3359375 0.28046875 0.0984375 0.1296875
0 0.16484375 0.48828125 0.1375 0.1734375
0 0.4515625 0.35390625 0.0890625 0.115625
0 0.4125 0.2703125 0.11875 0.1578125
0 0.5015625 0.3609375 0.0984375 0.140625
0 0.54609375 0.39765625 0.06875 0.1015625
0 0.61953125 0.3765625 0.0875 0.1125
0 0.7 0.31953125 0.090625 0.1359375
0 0.759375 0.3609375 0.0828125 0.1296875
0 0.80625 0.3390625 0.0609375 0.0984375
0 0.77265625 0.49140625 0.0625 0.078125
0 0.890625 0.47265625 0.075 0.096875
0 0.946875 0.4671875 0.08125 0.1078125
0 0.82109375 0.47578125 0.053125 0.075
1 0.0859375 0.46875 0.096875 0.134375
1 0.12421875 0.3890625 0.10625 0.15
1 0.65390625 0.4578125 0.065625 0.090625
1 0.621875 0.40078125 0.0421875 0.065625
1 0.715625 0.640625 0.0671875 0.0875
1 0.74375 0.384375 0.0578125 0.0796875
1 0.82578125 0.38203125 0.06875 0.0984375
1 0.85703125 0.5015625 0.05 0.078125
1 0.85625 0.56640625 0.053125 0.075
1 0.9640625 0.5421875 0.0546875 0.0640625
1 0.975 0.50625 0.05 0.065625