0 0.04375 0.58671875 0.0875 0.2328125
0 0.11875 0.709375 0.128125 0.1640625
0 0.27421875 0.66796875 0.1203125 0.1796875
0 0.33984375 0.721875 0.0953125 0.1296875
0 0.16484375 0.51796875 0.1359375 0.1734375
0 0.4546875 0.646875 0.0875 0.115625
0 0.41640625 0.73046875 0.1171875 0.1578125
0 0.50390625 0.6390625 0.096875 0.1421875
0 0.5484375 0.6015625 0.0671875 0.103125
0 0.621875 0.62109375 0.0859375 0.1125
0 0.703125 0.67734375 0.090625 0.1359375
0 0.76171875 0.634375 0.08125 0.1296875
0 0.809375 0.65546875 0.0578125 0.0984375
0 0.77265625 0.50390625 0.0609375 0.078125
0 0.89140625 0.52109375 0.075 0.096875
0 0.94765625 0.525 0.0796875 0.109375
0 0.82109375 0.51875 0.0515625 0.0734375
1 0.0859375 0.53828125 0.09375 0.1359375
1 0.1265625 0.61796875 0.1046875 0.15
1 0.6546875 0.5390625 0.0640625 0.090625
1 0.6234375 0.596875 0.0421875 0.065625
1 0.7125 0.35625 0.0671875 0.0890625
1 0.74609375 0.61171875 0.05625 0.0796875
1 0.828125 0.6125 0.0671875 0.0984375
1 0.85703125 0.49296875 0.05 0.0796875
1 0.85546875 0.42734375 0.053125 0.0765625
1 0.9625 0.44921875 0.053125 0.065625
1 0.975 0.4859375 0.05 0.065625