0 0.246875 0.48203125 0.08125 0.11875
0 0.2859375 0.4296875 0.1046875 0.1375
0 0.2625 0.3640625 0.078125 0.0859375
0 0.440625 0.43203125 0.1078125 0.134375
0 0.23125 0.23125 0.071875 0.1046875
0 0.18984375 0.1953125 0.0578125 0.06875
0 0.2296875 0.17421875 0.071875 0.065625
0 0.75234375 0.09140625 0.1203125 0.1734375
0 0.9 0.08359375 0.09375 0.1671875
0 0.9609375 0.55859375 0.078125 0.1328125
0 0.96875 0.49140625 0.0625 0.1109375
0 0.96640625 0.3609375 0.0546875 0.128125
0 0.49453125 0.30859375 0.1171875 0.1578125
0 0.440625 0.4453125 0.0828125 0.125
0 0.35078125 0.64140625 0.071875 0.103125
0 0.33125 0.54453125 0.0609375 0.0875
0 0.3796875 0.52421875 0.0703125 0.1078125
1 0.3703125 0.37734375 0.05625 0.1
1 0.39921875 0.48515625 0.05 0.0875
1 0.38671875 0.58046875 0.0546875 0.075
1 0.578125 0.259375 0.0796875 0.11875
1 0.74453125 0.2921875 0.096875 0.1515625
1 0.72890625 0.415625 0.0671875 0.0890625
1 0.69375 0.40546875 0.046875 0.0671875
1 0.9390625 0.3140625 0.053125 0.0984375
1 0.86015625 0.11171875 0.1234375 0.13125
1 0.68671875 0.078125 0.103125 0.121875
1 0.7546875 0.03203125 0.0875 0.0640625