0 0.31015625 0.38984375 0.10625 0.11875
0 0.30859375 0.490625 0.075 0.1
0 0.26953125 0.5234375 0.0953125 0.1109375
0 0.234375 0.57734375 0.0890625 0.1078125
0 0.28515625 0.61796875 0.1078125 0.1234375
0 0.2734375 0.68984375 0.0796875 0.0859375
0 0.25703125 0.640625 0.059375 0.06875
0 0.26484375 0.821875 0.075 0.09375
0 0.2328125 0.878125 0.0640625 0.0796875
0 0.50546875 0.68359375 0.115625 0.15
0 0.43125 0.58359375 0.103125 0.13125
0 0.35546875 0.50234375 0.0765625 0.084375
0 0.66796875 0.68828125 0.1375 0.1796875
0 0.79609375 0.83203125 0.1328125 0.178125
0 0.9453125 0.80625 0.109375 0.1625
0 0.95703125 0.51640625 0.0828125 0.134375
0 0.9171875 0.32265625 0.090625 0.1203125
0 0.9296875 0.4 0.0859375 0.1
1 0.934375 0.565625 0.075 0.1046875
1 0.446875 0.66953125 0.075 0.0921875
1 0.3734375 0.646875 0.075 0.090625
1 0.3765625 0.53515625 0.0734375 0.0875
1 0.22890625 0.82734375 0.0515625 0.0640625
1 0.746875 0.64765625 0.1140625 0.1484375
1 0.7296875 0.875 0.0921875 0.1140625
1 0.73828125 0.84765625 0.0609375 0.0703125
1 0.809375 0.9015625 0.078125 0.053125
1 0.68359375 0.54609375 0.0640625 0.08125
1 0.71171875 0.5125 0.078125 0.0921875
1 0.58984375 0.71328125 0.1109375 0.1390625