0 0.25703125 0.575 0.0671875 0.1109375
0 0.30703125 0.61640625 0.0921875 0.128125
0 0.29921875 0.6859375 0.0703125 0.078125
0 0.45703125 0.5796875 0.0953125 0.1234375
0 0.2984375 0.821875 0.0625 0.096875
0 0.26640625 0.8671875 0.05 0.0625
0 0.31015625 0.878125 0.0671875 0.059375
0 0.83828125 0.84140625 0.1015625 0.1625
0 0.9734375 0.81953125 0.053125 0.1703125
0 0.93828125 0.3390625 0.0703125 0.1265625
0 0.9640625 0.40234375 0.059375 0.1046875
0 0.98359375 0.53125 0.0328125 0.125
0 0.53828125 0.68671875 0.0984375 0.146875
0 0.4546875 0.56640625 0.071875 0.11875
0 0.321875 0.39609375 0.0578125 0.096875
0 0.325 0.49453125 0.05 0.0828125
0 0.37734375 0.50390625 0.0578125 0.103125
1 0.4015625 0.6484375 0.0453125 0.09375
1 0.4046875 0.5375 0.040625 0.084375
1 0.37109375 0.44765625 0.0484375 0.0734375
1 0.6296875 0.71640625 0.0671875 0.1125
1 0.78515625 0.64765625 0.0796875 0.1421875
1 0.74140625 0.53125 0.0578125 0.08125
1 0.71015625 0.5484375 0.0390625 0.0640625
1 0.96953125 0.58203125 0.0421875 0.09375
1 0.9375 0.796875 0.1109375 0.11875
1 0.7765625 0.86875 0.090625 0.1125
1 0.85703125 0.9125 0.078125 0.0828125