0 0.4125 0.2609375 0.115625 0.0734375
0 0.3734375 0.3140625 0.13125 0.0984375
0 0.303125 0.309375 0.08125 0.0734375
0 0.41796875 0.4609375 0.128125 0.1015625
0 0.16796875 0.315625 0.1 0.065625
0 0.12109375 0.2859375 0.0640625 0.053125
0 0.1125 0.33046875 0.0609375 0.06875
0 0.1765625 0.85546875 0.16875 0.1109375
0 0.20390625 0.97890625 0.1734375 0.0421875
0 0.684375 0.92890625 0.1296875 0.075
0 0.62265625 0.9578125 0.10625 0.0640625
0 0.49375 0.98203125 0.128125 0.0359375
0 0.315625 0.54765625 0.1515625 0.1046875
0 0.43125 0.4578125 0.121875 0.0765625
0 0.59453125 0.31640625 0.1 0.0640625
0 0.496875 0.325 0.0859375 0.0546875
0 0.48984375 0.37734375 0.10625 0.0640625
1 0.34609375 0.409375 0.0984375 0.05
1 0.4578125 0.40703125 0.084375 0.04375
1 0.5453125 0.36953125 0.0734375 0.0515625
1 0.290625 0.64140625 0.11875 0.071875
1 0.3671875 0.7921875 0.146875 0.0875
1 0.48125 0.74296875 0.084375 0.0625
1 0.46328125 0.7125 0.065625 0.0421875
1 0.4421875 0.9734375 0.0953125 0.0484375
1 0.2265625 0.946875 0.125 0.10625
1 0.14609375 0.7953125 0.115625 0.09375
1 0.10625 0.878125 0.0875 0.0828125