0 0.359375 0.66875 0.0953125 0.109375
0 0.3234375 0.57421875 0.0640625 0.09375
0 0.275 0.55703125 0.084375 0.103125
0 0.2234375 0.51796875 0.078125 0.1
0 0.2578125 0.4625 0.0953125 0.1140625
0 0.22265625 0.3984375 0.0703125 0.078125
0 0.22421875 0.4515625 0.053125 0.0640625
0 0.16875 0.278125 0.0640625 0.0875
0 0.11953125 0.2359375 0.05625 0.075
0 0.4421875 0.325 0.0984375 0.1421875
0 0.40703125 0.44453125 0.0890625 0.1234375
0 0.36328125 0.54765625 0.06875 0.0765625
0 0.59296875 0.265625 0.11875 0.1703125
0 0.66484375 0.08671875 0.1125 0.16875
0 0.82578125 0.06484375 0.1171875 0.1296875
0 0.92421875 0.328125 0.0671875 0.1296875
0 0.95234375 0.52421875 0.078125 0.1140625
0 0.93828125 0.446875 0.0765625 0.0921875
1 0.8859375 0.28984375 0.0625 0.1
1 0.3921875 0.35859375 0.0640625 0.0859375
1 0.33046875 0.40546875 0.065625 0.0859375
1 0.371875 0.509375 0.0640625 0.0828125
1 0.13359375 0.28515625 0.0453125 0.059375
1 0.68125 0.2765625 0.0984375 0.140625
1 0.5875 0.06875 0.0796875 0.10625
1 0.6046875 0.0921875 0.053125 0.065625
1 0.653125 0.01953125 0.075 0.0390625
1 0.65703125 0.39375 0.0546875 0.0765625
1 0.69453125 0.415625 0.06875 0.0859375
1 0.5109375 0.26875 0.096875 0.1296875