1 0.275 0.371875 0.0890625 0.0984375
1 0.2296875 0.2171875 0.08125 0.0890625
1 0.51953125 0.09609375 0.0734375 0.0828125
1 0.55625 0.1203125 0.065625 0.05625
1 0.72421875 0.1578125 0.096875 0.1171875
1 0.665625 0.22578125 0.10625 0.1015625
1 0.8703125 0.4390625 0.0890625 0.1
1 0.89296875 0.36328125 0.0734375 0.0875
0 0.9765625 0.4828125 0.046875 0.05
0 0.77890625 0.20546875 0.1328125 0.125
0 0.60390625 0.15078125 0.11875 0.1203125
0 0.66796875 0.1390625 0.0765625 0.0921875
0 0.453125 0.121875 0.1203125 0.134375
0 0.55390625 0.225 0.0984375 0.090625
0 0.640625 0.40625 0.0953125 0.0875
0 0.62265625 0.346875 0.0734375 0.059375
0 0.7953125 0.41171875 0.0703125 0.0703125
0 0.06875 0.3046875 0.0734375 0.0890625