1 0.2625 0.60390625 0.0796875 0.090625
1 0.2015625 0.753125 0.0734375 0.0828125
1 0.47734375 0.90390625 0.065625 0.0765625
1 0.51640625 0.88359375 0.0609375 0.05
1 0.6875 0.8640625 0.0859375 0.1078125
1 0.6359375 0.78984375 0.096875 0.0921875
1 0.86171875 0.59921875 0.0796875 0.0921875
1 0.8765625 0.67734375 0.065625 0.08125
0 0.97421875 0.56640625 0.0453125 0.0453125
0 0.746875 0.821875 0.121875 0.1125
0 0.5671875 0.8578125 0.1078125 0.109375
0 0.6296875 0.8765625 0.06875 0.0859375
0 0.4140625 0.87109375 0.1078125 0.1234375
0 0.525 0.77890625 0.090625 0.08125
0 0.6296875 0.6078125 0.0875 0.078125
0 0.60625 0.66484375 0.0671875 0.053125
0 0.784375 0.61875 0.0640625 0.0640625
0 0.05078125 0.64921875 0.065625 0.0828125