1 0.2703125 0.3796875 0.0859375 0.0953125
1 0.2203125 0.2265625 0.078125 0.0875
1 0.50546875 0.0953125 0.0703125 0.08125
1 0.54296875 0.11875 0.0640625 0.0546875
1 0.7125 0.15 0.09375 0.1140625
1 0.65546875 0.2203125 0.103125 0.0984375
1 0.86796875 0.4265625 0.0859375 0.096875
1 0.88828125 0.34921875 0.071875 0.0859375
0 0.9765625 0.46640625 0.046875 0.0484375
0 0.76875 0.19609375 0.1296875 0.1203125
0 0.5921875 0.14765625 0.115625 0.1171875
0 0.65546875 0.13359375 0.075 0.0890625
0 0.43984375 0.1234375 0.1171875 0.13125
0 0.54453125 0.2234375 0.0953125 0.0875
0 0.63671875 0.4015625 0.0921875 0.084375
0 0.6171875 0.34296875 0.071875 0.0578125
0 0.7921875 0.4015625 0.0671875 0.0671875
0 0.0625 0.31953125 0.071875 0.0875