1 0.27890625 0.3703125 0.0828125 0.0921875
1 0.234375 0.215625 0.0765625 0.084375
1 0.525 0.0921875 0.0671875 0.0796875
1 0.5625 0.1171875 0.0640625 0.0515625
1 0.7296875 0.15390625 0.0890625 0.1109375
1 0.6703125 0.221875 0.1015625 0.0953125
1 0.8734375 0.434375 0.0828125 0.0953125
1 0.89765625 0.3578125 0.0671875 0.084375
0 0.9796875 0.47734375 0.040625 0.0453125
0 0.784375 0.20078125 0.125 0.115625
0 0.609375 0.14765625 0.1109375 0.1125
0 0.6734375 0.13515625 0.071875 0.0890625
0 0.45859375 0.11953125 0.1109375 0.1265625
0 0.559375 0.221875 0.0921875 0.084375
0 0.64375 0.40234375 0.0890625 0.08125
0 0.62734375 0.34375 0.06875 0.05625
0 0.7984375 0.4078125 0.0671875 0.0671875
0 0.07265625 0.3046875 0.06875 0.0859375