0 0.0890625 0.32578125 0.115625 0.1828125
0 0.0421875 0.3078125 0.084375 0.1625
0 0.10625 0.553125 0.0828125 0.1375
0 0.24453125 0.5984375 0.1203125 0.1640625
0 0.353125 0.4921875 0.1 0.1609375
0 0.27578125 0.48203125 0.0796875 0.146875
0 0.41953125 0.48515625 0.0890625 0.15625
0 0.63515625 0.50546875 0.06875 0.1421875
0 0.69375 0.47578125 0.115625 0.15
0 0.74296875 0.528125 0.1078125 0.1578125
0 0.93828125 0.50078125 0.096875 0.1515625
0 0.86484375 0.31640625 0.1 0.1890625
0 0.9484375 0.2578125 0.071875 0.1828125
1 0.12734375 0.37890625 0.0703125 0.121875
1 0.1765625 0.51796875 0.0578125 0.084375
1 0.48828125 0.5375 0.0484375 0.0640625
1 0.59453125 0.6125 0.0453125 0.0578125
1 0.5984375 0.521875 0.05 0.078125
1 0.78671875 0.62265625 0.0765625 0.0875
1 0.8 0.34140625 0.06875 0.078125
1 0.88203125 0.365625 0.0734375 0.090625
1 0.88125 0.47109375 0.0578125 0.0921875
1 0.91875 0.38671875 0.0859375 0.090625
1 0.98671875 0.51953125 0.0265625 0.1015625