0 0.7234375 0.63046875 0.11875 0.15625
1 0.72265625 0.525 0.0890625 0.1046875
1 0.44140625 0.4515625 0.0734375 0.0796875
0 0.5953125 0.56640625 0.1296875 0.1859375
1 0.54609375 0.48046875 0.06875 0.0765625
1 0.46953125 0.36953125 0.0796875 0.0890625
0 0.3 0.39296875 0.1671875 0.19375
1 0.296875 0.28203125 0.1125 0.1234375
0 0.1203125 0.540625 0.1515625 0.2015625
1 0.11875 0.484375 0.0921875 0.1109375
1 0.19375 0.5359375 0.103125 0.121875
1 0.090625 0.45234375 0.1078125 0.128125
0 0.8515625 0.834375 0.14375 0.209375
1 0.83203125 0.77421875 0.1 0.1296875
1 0.83203125 0.6296875 0.0875 0.096875
0 0.89140625 0.88515625 0.1296875 0.18125
0 0.90625 0.63359375 0.1234375 0.1515625
0 0.8015625 0.5296875 0.1625 0.1953125
0 0.6609375 0.60234375 0.1609375 0.215625
0 0.32890625 0.4703125 0.1625 0.2015625
0 0.40234375 0.46640625 0.11875 0.1796875
0 0.04921875 0.54921875 0.0953125 0.1859375
0 0.1140625 0.3421875 0.1421875 0.1765625