0 0.20078125 0.83203125 0.159375 0.209375
0 0.15859375 0.8703125 0.1421875 0.184375
0 0.12109375 0.61875 0.11875 0.159375
0 0.2265625 0.51875 0.159375 0.190625
0 0.3703125 0.56953125 0.1390625 0.1828125
0 0.30390625 0.6109375 0.115625 0.1625
0 0.43359375 0.54765625 0.125 0.175
0 0.6203125 0.4375 0.103125 0.15625
0 0.6859375 0.43984375 0.1515625 0.175
0 0.70859375 0.371875 0.146875 0.1828125
0 0.89765625 0.3140625 0.1328125 0.1734375
0 0.90859375 0.5125 0.146875 0.209375
0 0.97421875 0.5328125 0.0515625 0.190625
1 0.2140625 0.7671875 0.1 0.1375
1 0.19921875 0.6203125 0.078125 0.096875
1 0.47421875 0.47109375 0.0640625 0.0765625
1 0.53828125 0.3578125 0.059375 0.0703125
1 0.58046875 0.4390625 0.06875 0.0890625
1 0.7078125 0.2671875 0.096875 0.1078125
1 0.83828125 0.51640625 0.0875 0.09375
1 0.903125 0.4609375 0.09375 0.1046875
1 0.85703125 0.36484375 0.0796875 0.1046875
1 0.92734375 0.42578125 0.10625 0.109375
1 0.93671875 0.2734375 0.059375 0.1078125