0 0.71875 0.36171875 0.121875 0.159375
1 0.72109375 0.4671875 0.0921875 0.10625
1 0.44296875 0.55 0.075 0.08125
0 0.59296875 0.43046875 0.134375 0.1890625
1 0.54609375 0.51796875 0.071875 0.078125
1 0.47421875 0.63125 0.0828125 0.090625
0 0.30390625 0.6140625 0.171875 0.196875
1 0.3046875 0.725 0.115625 0.1265625
0 0.11875 0.47265625 0.1578125 0.2046875
1 0.11953125 0.52890625 0.0953125 0.1125
1 0.19296875 0.47421875 0.10625 0.1234375
1 0.0921875 0.56171875 0.1109375 0.1296875
0 0.8390625 0.15390625 0.15 0.2125
1 0.82265625 0.21484375 0.103125 0.13125
1 0.82734375 0.359375 0.090625 0.0984375
0 0.87734375 0.10078125 0.1359375 0.184375
0 0.90078125 0.35234375 0.128125 0.1546875
0 0.8 0.46015625 0.1671875 0.2
0 0.65703125 0.3921875 0.165625 0.21875
0 0.33046875 0.53515625 0.1671875 0.2046875
0 0.40390625 0.53671875 0.1234375 0.18125
0 0.04921875 0.4671875 0.0984375 0.1875
0 0.1203125 0.67109375 0.146875 0.1796875