0 0.7125 0.528125 0.09375 0.1421875
1 0.6703125 0.43359375 0.0734375 0.09375
1 0.3875 0.49453125 0.0609375 0.071875
0 0.571875 0.528125 0.1 0.171875
1 0.49375 0.471875 0.0578125 0.0703125
1 0.38125 0.40625 0.065625 0.08125
0 0.23671875 0.50390625 0.1375 0.1734375
1 0.1921875 0.40390625 0.09375 0.109375
0 0.12890625 0.7203125 0.1203125 0.184375
1 0.10703125 0.66953125 0.0765625 0.1
1 0.19375 0.68203125 0.0828125 0.109375
1 0.06875 0.653125 0.0875 0.1140625
0 0.9046875 0.65703125 0.1125 0.19375
1 0.86484375 0.61171875 0.0796875 0.1171875
1 0.81015625 0.47890625 0.0734375 0.0859375
0 0.946875 0.6859375 0.071875 0.1671875
0 0.87890625 0.45 0.1 0.1375
0 0.74453125 0.4015625 0.13125 0.1765625
0 0.64375 0.53125 0.1265625 0.196875
0 0.2921875 0.56171875 0.13125 0.1828125
0 0.3578125 0.52421875 0.0890625 0.1671875
0 0.0515625 0.76640625 0.1 0.1796875
0 0.053125 0.54140625 0.10625 0.159375