0 0.175 0.25390625 0.1078125 0.125
0 0.0921875 0.20390625 0.1015625 0.1203125
0 0.60625 0.1625 0.0953125 0.0953125
0 0.94765625 0.38515625 0.1 0.1265625
1 0.040625 0.22890625 0.08125 0.1109375
1 0.065625 0.29140625 0.059375 0.071875
1 0.08125 0.3546875 0.078125 0.09375
1 0.42421875 0.18359375 0.1109375 0.13125
1 0.48984375 0.23984375 0.0921875 0.115625
1 0.48671875 0.22734375 0.13125 0.1703125
1 0.8484375 0.359375 0.0984375 0.1171875
1 0.23125 0.4765625 0.128125 0.1453125
1 0.11484375 0.45859375 0.0640625 0.0765625
0 0.95 0.3796875 0.09375 0.1265625