0 0.24375 0.8171875 0.084375 0.1078125
0 0.17578125 0.8859375 0.078125 0.1046875
0 0.684375 0.8015625 0.078125 0.078125
0 0.9625 0.503125 0.075 0.1125
1 0.11328125 0.87578125 0.075 0.0953125
1 0.12890625 0.8078125 0.0453125 0.0625
1 0.12890625 0.7421875 0.0609375 0.08125
1 0.503125 0.825 0.0859375 0.1140625
1 0.553125 0.7546875 0.06875 0.1015625
1 0.553125 0.76796875 0.096875 0.1515625
1 0.871875 0.55234375 0.0765625 0.1015625
1 0.24453125 0.5875 0.1015625 0.1234375
1 0.13671875 0.63359375 0.05 0.0671875
0 0.965625 0.5078125 0.06875 0.1125