0 0.18359375 0.24296875 0.0828125 0.10625
0 0.10234375 0.18984375 0.075 0.103125
0 0.61796875 0.16640625 0.078125 0.078125
0 0.95625 0.39921875 0.08125 0.1125
1 0.05 0.21328125 0.0609375 0.09375
1 0.07265625 0.27578125 0.0453125 0.0625
1 0.08671875 0.340625 0.059375 0.08125
1 0.43515625 0.18125 0.084375 0.1140625
1 0.49921875 0.23984375 0.0671875 0.1046875
1 0.49609375 0.2265625 0.09375 0.1515625
1 0.853125 0.37109375 0.0765625 0.1
1 0.23203125 0.4671875 0.1 0.1234375
1 0.1171875 0.44453125 0.046875 0.0671875
0 0.959375 0.39453125 0.078125 0.1140625