0 0.1625 0.728125 0.0734375 0.1015625
0 0.0765625 0.77421875 0.0671875 0.0984375
0 0.58828125 0.84296875 0.071875 0.071875
0 0.94609375 0.63984375 0.071875 0.10625
1 0.0265625 0.74609375 0.053125 0.0890625
1 0.0546875 0.6859375 0.0390625 0.059375
1 0.07421875 0.62265625 0.053125 0.0765625
1 0.4078125 0.81171875 0.075 0.1078125
1 0.4765625 0.759375 0.0578125 0.0984375
1 0.47265625 0.771875 0.08125 0.1453125
1 0.840625 0.659375 0.0671875 0.0953125
1 0.23046875 0.509375 0.090625 0.115625
1 0.1140625 0.521875 0.0421875 0.0640625
0 0.9484375 0.6453125 0.06875 0.1078125