0 0.1703125 0.73984375 0.0703125 0.1
0 0.08671875 0.7890625 0.0640625 0.096875
0 0.6 0.8390625 0.06875 0.0703125
0 0.95 0.62421875 0.0671875 0.1046875
1 0.03125 0.7625 0.0625 0.0875
1 0.06171875 0.7015625 0.0390625 0.059375
1 0.07890625 0.6375 0.05 0.0765625
1 0.41875 0.81484375 0.0703125 0.109375
1 0.4859375 0.759375 0.0546875 0.096875
1 0.48203125 0.77265625 0.0765625 0.1453125
1 0.84609375 0.646875 0.0640625 0.0953125
1 0.23046875 0.51875 0.0875 0.1140625
1 0.11484375 0.53515625 0.040625 0.0625
0 0.953125 0.6296875 0.0671875 0.10625