0 0.175 0.1546875 0.125 0.1390625
0 0.11171875 0.175 0.1171875 0.14375
0 0.23046875 0.30078125 0.0703125 0.0890625
0 0.32421875 0.359375 0.0703125 0.0796875
0 0.44140625 0.228125 0.078125 0.0984375
0 0.40390625 0.2828125 0.096875 0.115625
0 0.40078125 0.190625 0.0890625 0.0984375
0 0.27421875 0.26796875 0.0859375 0.1046875
0 0.22109375 0.2375 0.0890625 0.1078125
0 0.0875 0.29453125 0.1015625 0.115625
0 0.2875 0.15546875 0.1453125 0.2578125
0 0.171875 0.4453125 0.1078125 0.1046875
0 0.4890625 0.24296875 0.09375 0.1203125
0 0.54921875 0.240625 0.084375 0.1015625
0 0.60078125 0.21015625 0.08125 0.1
0 0.62109375 0.2109375 0.0859375 0.1234375
0 0.65546875 0.32265625 0.071875 0.08125
0 0.70859375 0.2765625 0.0578125 0.0625
0 0.878125 0.2578125 0.0609375 0.06875
0 0.96484375 0.31953125 0.04375 0.0453125
0 0.9515625 0.30390625 0.04375 0.04375
0 0.65859375 0.1921875 0.0609375 0.0703125
1 0.046875 0.30703125 0.046875 0.0875
1 0.07578125 0.19453125 0.05625 0.11875
1 0.35859375 0.17265625 0.078125 0.090625
1 0.51640625 0.26171875 0.0484375 0.0703125
1 0.70859375 0.1921875 0.0421875 0.05625
1 0.4546875 0.40390625 0.05 0.0625
1 0.58203125 0.54296875 0.0671875 0.0734375
1 0.1890625 0.40703125 0.1046875 0.11875
1 0.90078125 0.27890625 0.0484375 0.0546875
0 0.41640625 0.4203125 0.0875 0.1
1 0.9046875 0.21484375 0.04375 0.0515625