0 0.25390625 0.90546875 0.0953125 0.1171875
0 0.18359375 0.90078125 0.0953125 0.125
0 0.278125 0.75078125 0.0515625 0.078125
0 0.35703125 0.67421875 0.05625 0.065625
0 0.49921875 0.77734375 0.0578125 0.0859375
0 0.45078125 0.73203125 0.071875 0.1
0 0.4671875 0.8234375 0.06875 0.084375
0 0.32734375 0.77421875 0.0625 0.090625
0 0.28203125 0.81484375 0.06875 0.09375
0 0.1390625 0.78671875 0.078125 0.096875
0 0.3640625 0.87890625 0.08125 0.2421875
0 0.190625 0.621875 0.0890625 0.0859375
0 0.54296875 0.75390625 0.0671875 0.109375
0 0.60234375 0.74375 0.0609375 0.0890625
0 0.65859375 0.7625 0.059375 0.0875
0 0.67890625 0.75859375 0.0578125 0.1125
0 0.6890625 0.64140625 0.0546875 0.0703125
0 0.75078125 0.675 0.04375 0.053125
0 0.9203125 0.65859375 0.046875 0.05625
0 0.98671875 0.5796875 0.0265625 0.0375
0 0.9828125 0.59765625 0.034375 0.034375
0 0.71875 0.76796875 0.0453125 0.059375
1 0.0828125 0.78984375 0.0578125 0.0828125
1 0.11796875 0.90234375 0.0953125 0.1109375
1 0.4296875 0.84921875 0.059375 0.078125
1 0.565625 0.7296875 0.0328125 0.0640625
1 0.76796875 0.7578125 0.0296875 0.05
1 0.47578125 0.603125 0.0375 0.0546875
1 0.57109375 0.440625 0.0515625 0.0625
1 0.21484375 0.65546875 0.08125 0.1
1 0.93828125 0.6328125 0.0359375 0.0453125
0 0.4359375 0.5953125 0.0671875 0.084375
1 0.95546875 0.69453125 0.0359375 0.046875