0 0.18125 0.14921875 0.1125 0.1296875
0 0.1125 0.1671875 0.1140625 0.1390625
0 0.234375 0.29609375 0.0625 0.0859375
0 0.3265625 0.35625 0.065625 0.0734375
0 0.44609375 0.228125 0.0703125 0.0921875
0 0.4078125 0.28125 0.0859375 0.109375
0 0.40625 0.1890625 0.0796875 0.0921875
0 0.278125 0.2640625 0.0765625 0.1
0 0.22578125 0.2328125 0.08125 0.1015625
0 0.09140625 0.2875 0.090625 0.10625
0 0.29375 0.15234375 0.1171875 0.253125
0 0.17265625 0.43984375 0.1 0.096875
0 0.49375 0.2421875 0.0828125 0.11875
0 0.55390625 0.24140625 0.0734375 0.0984375
0 0.60546875 0.21171875 0.071875 0.0953125
0 0.62578125 0.21171875 0.075 0.11875
0 0.65859375 0.325 0.0640625 0.0765625
0 0.7125 0.2796875 0.05 0.059375
0 0.88203125 0.2640625 0.05625 0.0640625
0 0.9640625 0.32890625 0.0328125 0.040625
0 0.9546875 0.31171875 0.0390625 0.0390625
0 0.66328125 0.1953125 0.053125 0.06875
1 0.03515625 0.29453125 0.0703125 0.090625
1 0.05234375 0.17734375 0.1046875 0.1265625
1 0.3640625 0.1703125 0.071875 0.0859375
1 0.52109375 0.2625 0.0421875 0.06875
1 0.7140625 0.19609375 0.0359375 0.0546875
1 0.45703125 0.403125 0.0453125 0.0609375
1 0.58125 0.54453125 0.059375 0.0671875
1 0.190625 0.4015625 0.09375 0.1125
1 0.9046875 0.2859375 0.0421875 0.05
0 0.41796875 0.41953125 0.08125 0.0953125
1 0.909375 0.22265625 0.040625 0.05