0 0.14609375 0.184375 0.115625 0.1328125
0 0.084375 0.21015625 0.1078125 0.1390625
0 0.21484375 0.325 0.0640625 0.0859375
0 0.3125 0.375 0.065625 0.0765625
0 0.41796875 0.234375 0.071875 0.09375
0 0.38515625 0.2921875 0.0890625 0.1109375
0 0.37421875 0.2 0.0828125 0.09375
0 0.2546875 0.2890625 0.0796875 0.1
0 0.19921875 0.2625 0.0828125 0.103125
0 0.07109375 0.33125 0.0953125 0.109375
0 0.2578125 0.175 0.1265625 0.2546875
0 0.16875 0.47421875 0.103125 0.0984375
0 0.4671875 0.24453125 0.0859375 0.1171875
0 0.5265625 0.2375 0.0765625 0.0984375
0 0.575 0.20234375 0.075 0.096875
0 0.5953125 0.20078125 0.078125 0.1203125
0 0.6390625 0.31015625 0.0671875 0.078125
0 0.68828125 0.259375 0.053125 0.059375
0 0.85625 0.22578125 0.05625 0.065625
0 0.946875 0.2796875 0.040625 0.0421875
0 0.9328125 0.265625 0.0421875 0.040625
0 0.63125 0.1796875 0.05625 0.0671875
1 0.03203125 0.34765625 0.040625 0.0859375
1 0.05078125 0.2328125 0.046875 0.11875
1 0.33046875 0.1859375 0.071875 0.0859375
1 0.49609375 0.2609375 0.04375 0.06875
1 0.68125 0.175 0.0390625 0.0546875
1 0.44609375 0.40859375 0.0453125 0.059375
1 0.58515625 0.5359375 0.0625 0.0703125
1 0.18203125 0.434375 0.0984375 0.1125
1 0.8796875 0.24453125 0.04375 0.0515625
0 0.41015625 0.428125 0.0828125 0.0953125
1 0.878125 0.18125 0.040625 0.05