1 0.01171875 0.584375 0.0234375 0.075
0 0.47734375 0.75546875 0.0640625 0.0859375
1 0.50078125 0.71328125 0.0609375 0.0734375
1 0.278125 0.77265625 0.0734375 0.096875
1 0.0109375 0.70703125 0.021875 0.1265625
1 0.165625 0.5109375 0.0984375 0.11875
1 0.64453125 0.6859375 0.0609375 0.071875
0 0.79921875 0.83515625 0.046875 0.0609375
1 0.81796875 0.85078125 0.0453125 0.059375
1 0.165625 0.51484375 0.090625 0.1046875
1 0.58359375 0.4609375 0.059375 0.0734375
1 0.421875 0.571875 0.04375 0.0578125
0 0.8046875 0.8046875 0.0453125 0.05
1 0.8296875 0.78984375 0.0453125 0.05625
1 0.62109375 0.834375 0.0375 0.053125
1 0.60859375 0.7625 0.0390625 0.046875
1 0.4484375 0.72890625 0.0421875 0.05625
0 0.04140625 0.5984375 0.075 0.0875
0 0.0390625 0.73046875 0.078125 0.1296875
0 0.09375 0.75625 0.0921875 0.1203125
0 0.15703125 0.6859375 0.071875 0.0953125
0 0.18671875 0.6296875 0.059375 0.08125
0 0.21484375 0.66796875 0.0671875 0.0890625
0 0.2296875 0.7046875 0.075 0.1046875
0 0.2875 0.5890625 0.0609375 0.078125
0 0.3953125 0.54765625 0.08125 0.0890625
0 0.34765625 0.68359375 0.084375 0.109375
0 0.32578125 0.765625 0.0671875 0.0921875
0 0.36953125 0.74375 0.0671875 0.0984375
0 0.4171875 0.7421875 0.08125 0.109375
0 0.51640625 0.79453125 0.0734375 0.090625
0 0.54140625 0.80078125 0.0578125 0.103125
0 0.57265625 0.82734375 0.0578125 0.0765625
0 0.6015625 0.696875 0.05625 0.0671875
0 0.64375 0.7546875 0.05 0.0609375
0 0.89609375 0.78671875 0.0265625 0.0328125
0 0.90625 0.7625 0.0375 0.0390625