1 0.03671875 0.39921875 0.0609375 0.075
0 0.52734375 0.21875 0.065625 0.084375
1 0.546875 0.26171875 0.0625 0.071875
1 0.33203125 0.20390625 0.075 0.0953125
1 0.0375 0.2734375 0.075 0.128125
1 0.20078125 0.471875 0.1 0.11875
1 0.6859375 0.2875 0.0625 0.071875
0 0.8515625 0.13359375 0.05 0.059375
1 0.8703125 0.1171875 0.046875 0.059375
1 0.20234375 0.46796875 0.09375 0.10625
1 0.60859375 0.5171875 0.059375 0.071875
1 0.45859375 0.40625 0.0453125 0.0578125
0 0.8546875 0.16484375 0.0453125 0.0515625
1 0.878125 0.178125 0.04375 0.0546875
1 0.675 0.1359375 0.0375 0.0515625
1 0.6578125 0.209375 0.040625 0.0484375
1 0.496875 0.24609375 0.0421875 0.0578125
0 0.08515625 0.38359375 0.0765625 0.0875
0 0.0875 0.25 0.09375 0.13125
0 0.14921875 0.22421875 0.0953125 0.1203125
0 0.20703125 0.29375 0.0734375 0.09375
0 0.23125 0.35078125 0.0609375 0.0828125
0 0.26171875 0.3109375 0.065625 0.0875
0 0.2796875 0.27421875 0.0765625 0.103125
0 0.3265625 0.390625 0.0609375 0.078125
0 0.43046875 0.43125 0.0828125 0.0875
0 0.39453125 0.29296875 0.0859375 0.109375
0 0.37890625 0.21015625 0.0703125 0.09375
0 0.4203125 0.2328125 0.06875 0.096875
0 0.46796875 0.23203125 0.08125 0.109375
0 0.56953125 0.178125 0.0734375 0.0921875
0 0.59453125 0.171875 0.059375 0.1046875
0 0.6265625 0.14453125 0.0578125 0.075
0 0.64453125 0.2765625 0.0578125 0.065625
0 0.69140625 0.21640625 0.05 0.0609375
0 0.94296875 0.18125 0.0265625 0.0328125
0 0.94921875 0.20546875 0.0328125 0.0375