1 0.03515625 0.4078125 0.0609375 0.0765625
0 0.52265625 0.21796875 0.065625 0.0859375
1 0.54296875 0.2609375 0.0625 0.0734375
1 0.32734375 0.20703125 0.0765625 0.096875
1 0.0359375 0.28203125 0.071875 0.1296875
1 0.20078125 0.47734375 0.1015625 0.1203125
1 0.6828125 0.284375 0.0625 0.0734375
0 0.8453125 0.12734375 0.05 0.059375
1 0.8640625 0.1109375 0.0484375 0.0609375
1 0.2015625 0.47265625 0.09375 0.1078125
1 0.609375 0.51484375 0.059375 0.071875
1 0.45703125 0.40703125 0.046875 0.0578125
0 0.8484375 0.15859375 0.0453125 0.0515625
1 0.87265625 0.17109375 0.0453125 0.0546875
1 0.66875 0.1328125 0.0390625 0.0515625
1 0.653125 0.20703125 0.040625 0.0484375
1 0.4921875 0.246875 0.0421875 0.0578125
0 0.08359375 0.39140625 0.0765625 0.0890625
0 0.08359375 0.2578125 0.096875 0.13125
0 0.14375 0.23046875 0.096875 0.1203125
0 0.203125 0.2984375 0.075 0.09375
0 0.22890625 0.35546875 0.0609375 0.0828125
0 0.25859375 0.31484375 0.0671875 0.0890625
0 0.27578125 0.278125 0.078125 0.1046875
0 0.325 0.39375 0.0609375 0.0796875
0 0.42890625 0.43203125 0.0828125 0.0890625
0 0.390625 0.2953125 0.0875 0.1109375
0 0.3734375 0.2125 0.071875 0.09375
0 0.415625 0.234375 0.0703125 0.0984375
0 0.46328125 0.2328125 0.0828125 0.109375
0 0.5640625 0.1765625 0.075 0.09375
0 0.58828125 0.1703125 0.0609375 0.1046875
0 0.6203125 0.1421875 0.059375 0.0765625
0 0.640625 0.27421875 0.059375 0.0671875
0 0.68671875 0.21328125 0.05 0.0625
0 0.9375 0.1734375 0.0265625 0.0328125
0 0.94453125 0.19765625 0.0328125 0.0390625