0 0.6765625 0.62734375 0.065625 0.065625
0 0.71328125 0.57421875 0.0578125 0.0828125
0 0.67421875 0.55625 0.1046875 0.1328125
0 0.58359375 0.5640625 0.0984375 0.1328125
0 0.503125 0.5734375 0.103125 0.1390625
0 0.475 0.3703125 0.14375 0.175
0 0.3515625 0.35390625 0.1484375 0.1875
0 0.325 0.67578125 0.1421875 0.1890625
1 0.21484375 0.6 0.153125 0.175
1 0.7515625 0.32734375 0.0921875 0.109375
1 0.78125 0.15859375 0.071875 0.09375
1 0.603125 0.1796875 0.0640625 0.0859375
1 0.9546875 0.54765625 0.0578125 0.0765625
1 0.76328125 0.50546875 0.1 0.1203125
1 0.10234375 0.50390625 0.0421875 0.065625
1 0.89609375 0.35234375 0.040625 0.05625
1 0.834375 0.3109375 0.0515625 0.065625
1 0.746875 0.2453125 0.0703125 0.0859375
0 0.9640625 0.40078125 0.0328125 0.046875
0 0.92890625 0.4015625 0.0390625 0.05
0 0.903125 0.42578125 0.034375 0.046875
0 0.87265625 0.4453125 0.03125 0.040625
0 0.8578125 0.51875 0.0640625 0.075
0 0.6640625 0.3671875 0.0875 0.1328125
1 0.653125 0.23515625 0.1 0.1390625