0 0.87265625 0.76484375 0.2546875 0.3109375
0 0.77109375 0.5171875 0.140625 0.1421875
0 0.815625 0.40546875 0.1171875 0.1453125
0 0.63046875 0.5453125 0.146875 0.1734375
0 0.4765625 0.56015625 0.2171875 0.2125
0 0.44765625 0.7203125 0.1609375 0.1765625
0 0.34375 0.809375 0.13125 0.1390625
0 0.246875 0.8015625 0.115625 0.134375
0 0.16640625 0.790625 0.1203125 0.15
0 0.171875 0.5671875 0.1234375 0.1796875
0 0.121875 0.61328125 0.1046875 0.134375
0 0.27734375 0.55 0.1484375 0.1515625
1 0.43671875 0.43984375 0.1453125 0.1453125
1 0.9015625 0.41171875 0.196875 0.2203125
1 0.75078125 0.40625 0.0796875 0.0921875
1 0.5609375 0.4703125 0.0984375 0.09375
1 0.090625 0.546875 0.08125 0.0703125