0 0.22890625 0.840625 0.25 0.2921875
0 0.2421875 0.575 0.1328125 0.1328125
0 0.159375 0.48671875 0.109375 0.1375
0 0.3859375 0.5546875 0.140625 0.1640625
0 0.53828125 0.51796875 0.209375 0.1953125
0 0.62421875 0.65625 0.153125 0.165625
0 0.75546875 0.7046875 0.1234375 0.1296875
0 0.8453125 0.665625 0.109375 0.128125
0 0.91875 0.62890625 0.1125 0.140625
0 0.8328125 0.42421875 0.115625 0.16875
0 0.896875 0.45078125 0.0984375 0.1265625
0 0.72578125 0.44296875 0.1390625 0.140625
1 0.53359375 0.39375 0.1390625 0.1359375
1 0.08515625 0.52421875 0.1703125 0.2046875
1 0.221875 0.465625 0.075 0.0875
1 0.425 0.4625 0.09375 0.0875
1 0.90234375 0.37890625 0.0765625 0.0640625