1 0.10859375 0.52734375 0.10625 0.20625
1 0.1875 0.540625 0.1171875 0.20625
1 0.1984375 0.34609375 0.1234375 0.215625
1 0.36171875 0.38671875 0.109375 0.159375
0 0.4046875 0.67578125 0.1421875 0.221875
1 0.43359375 0.5625 0.09375 0.1859375
1 0.4546875 0.4796875 0.071875 0.1453125
1 0.496875 0.44140625 0.1109375 0.23125
1 0.51171875 0.31953125 0.071875 0.14375
1 0.640625 0.3109375 0.1 0.20625
1 0.70078125 0.33125 0.090625 0.2171875
0 0.58984375 0.43671875 0.134375 0.2640625
0 0.64921875 0.5078125 0.1328125 0.2765625
0 0.7328125 0.56953125 0.1 0.2421875
0 0.3546875 0.54140625 0.125 0.2296875
0 0.2859375 0.42265625 0.115625 0.2328125
0 0.2625 0.68515625 0.15 0.275
0 0.32421875 0.78203125 0.1265625 0.2125