0 0.290625 0.41953125 0.0859375 0.215625
0 0.24453125 0.65625 0.1015625 0.2765625
0 0.3015625 0.75078125 0.1015625 0.23125
0 0.5875 0.4484375 0.103125 0.25
0 0.72578125 0.5953125 0.075 0.25
0 0.6484375 0.51796875 0.0890625 0.2390625
0 0.38203125 0.66328125 0.1265625 0.215625
1 0.20390625 0.3484375 0.0953125 0.2265625
1 0.10390625 0.49765625 0.075 0.2046875
1 0.18515625 0.515625 0.075 0.1796875
1 0.42890625 0.55859375 0.0625 0.159375
1 0.45 0.49609375 0.05625 0.140625
1 0.49765625 0.45625 0.0703125 0.171875
1 0.52265625 0.334375 0.04375 0.1125
1 0.6546875 0.32421875 0.0640625 0.15625
1 0.70546875 0.36484375 0.0703125 0.171875
1 0.91640625 0.1421875 0.065625 0.0859375
1 0.96484375 0.25234375 0.0703125 0.1171875
1 0.97421875 0.4125 0.0515625 0.165625