0 0.3328125 0.35 0.1625 0.2453125
0 0.20546875 0.5546875 0.1984375 0.3109375
0 0.225 0.66328125 0.1828125 0.2671875
0 0.6 0.48359375 0.1921875 0.2859375
0 0.6765625 0.66953125 0.1640625 0.275
0 0.63203125 0.5703125 0.175 0.271875
0 0.33125 0.61015625 0.203125 0.2609375
1 0.278125 0.25234375 0.175 0.2578125
1 0.13125 0.35625 0.1484375 0.23125
1 0.20078125 0.40234375 0.1390625 0.20625
1 0.4125 0.52890625 0.11875 0.18125
1 0.4546875 0.47890625 0.10625 0.1609375
1 0.51328125 0.45859375 0.1296875 0.196875
1 0.58046875 0.35390625 0.0828125 0.128125
1 0.70703125 0.39140625 0.11875 0.178125
1 0.73984375 0.446875 0.1296875 0.196875
1 0.984375 0.31171875 0.03125 0.1046875
1 0.9828125 0.4296875 0.034375 0.134375
1 0.95859375 0.5859375 0.0828125 0.18125