0 0.31171875 0.378125 0.128125 0.228125
0 0.21796875 0.6 0.1546875 0.290625
0 0.25390625 0.70390625 0.1453125 0.246875
0 0.59609375 0.46796875 0.153125 0.265625
0 0.70078125 0.63984375 0.125 0.259375
0 0.64140625 0.5484375 0.1375 0.253125
0 0.35078125 0.63515625 0.16875 0.2375
1 0.2421875 0.28984375 0.1390625 0.2390625
1 0.11328125 0.415625 0.115625 0.215625
1 0.1890625 0.45 0.1109375 0.190625
1 0.41796875 0.5421875 0.09375 0.16875
1 0.4515625 0.4859375 0.084375 0.15
1 0.50703125 0.45703125 0.103125 0.1828125
1 0.55625 0.34296875 0.065625 0.11875
1 0.6875 0.36015625 0.09375 0.165625
1 0.72890625 0.41015625 0.103125 0.1828125
1 0.9703125 0.2359375 0.059375 0.096875
1 0.9796875 0.35390625 0.040625 0.1296875
1 0.96953125 0.51328125 0.0609375 0.1734375