0 0.37734375 0.31171875 0.23125 0.128125
0 0.59921875 0.21796875 0.2921875 0.1546875
0 0.7046875 0.253125 0.2484375 0.1484375
0 0.46796875 0.59609375 0.2671875 0.153125
0 0.63984375 0.70078125 0.2625 0.1265625
0 0.5484375 0.6421875 0.2546875 0.1375
0 0.63515625 0.35078125 0.2375 0.16875
1 0.28984375 0.24140625 0.2421875 0.140625
1 0.41484375 0.11328125 0.2171875 0.115625
1 0.45 0.1890625 0.1921875 0.1109375
1 0.5421875 0.41875 0.1703125 0.0953125
1 0.4859375 0.4515625 0.15 0.0859375
1 0.45703125 0.50703125 0.184375 0.103125
1 0.34296875 0.55703125 0.11875 0.065625
1 0.36015625 0.68828125 0.16875 0.0953125
1 0.4109375 0.72890625 0.184375 0.103125
1 0.2359375 0.9703125 0.096875 0.059375
1 0.35234375 0.9796875 0.1296875 0.040625
1 0.51328125 0.96953125 0.1734375 0.0609375