0 0.43046875 0.71328125 0.2234375 0.103125
0 0.66953125 0.746875 0.284375 0.1234375
0 0.7609375 0.68515625 0.2390625 0.121875
0 0.44375 0.415625 0.2578125 0.125
0 0.58359375 0.26953125 0.25625 0.096875
0 0.51015625 0.35078125 0.246875 0.1109375
0 0.66875 0.609375 0.225 0.14375
1 0.3640625 0.80390625 0.2328125 0.115625
1 0.51796875 0.89609375 0.2109375 0.0921875
1 0.53203125 0.81328125 0.1859375 0.090625
1 0.56171875 0.56796875 0.165625 0.0765625
1 0.4984375 0.55 0.1453125 0.06875
1 0.45625 0.5046875 0.178125 0.084375
1 0.33359375 0.4859375 0.115625 0.053125
1 0.315625 0.3546875 0.1625 0.0765625
1 0.3546875 0.3015625 0.178125 0.084375
1 0.1203125 0.103125 0.090625 0.0734375
1 0.22734375 0.0515625 0.1234375 0.075
1 0.38828125 0.0328125 0.1703125 0.0625