0 0.4265625 0.39140625 0.046875 0.1
0 0.50625 0.48671875 0.046875 0.0921875
0 0.5609375 0.5046875 0.0421875 0.0890625
0 0.7125 0.54140625 0.0375 0.090625
0 0.67890625 0.60078125 0.0375 0.0859375
0 0.66171875 0.52578125 0.0265625 0.075
0 0.01484375 0.55234375 0.0296875 0.08125
0 0.09921875 0.66796875 0.0359375 0.0953125
0 0.13125 0.6484375 0.0375 0.0703125
0 0.378125 0.6296875 0.0390625 0.0859375
0 0.48046875 0.52734375 0.0359375 0.0953125
0 0.596875 0.6453125 0.0359375 0.0734375
0 0.2796875 0.796875 0.040625 0.0875
0 0.275 0.684375 0.021875 0.059375
0 0.440625 0.9171875 0.03125 0.0734375
0 0.77890625 0.94140625 0.0203125 0.0390625
0 0.92890625 0.39296875 0.046875 0.109375
0 0.209375 0.78203125 0.04375 0.0890625
0 0.6203125 0.64453125 0.0328125 0.0703125
1 0.8328125 0.60390625 0.0375 0.0671875
1 0.79609375 0.4796875 0.034375 0.0671875
1 0.72109375 0.41875 0.0203125 0.046875
1 0.66171875 0.40390625 0.034375 0.0625
1 0.5875 0.3875 0.0265625 0.0453125
1 0.4734375 0.3109375 0.021875 0.0359375
1 0.88046875 0.57578125 0.0296875 0.059375
1 0.77265625 0.684375 0.0234375 0.059375
1 0.25390625 0.7015625 0.04375 0.053125
1 0.19296875 0.75 0.0203125 0.0390625
1 0.08046875 0.896875 0.0171875 0.0390625
1 0.0328125 0.72109375 0.01875 0.0359375
1 0.06171875 0.90234375 0.0125 0.0453125
1 0.43125 0.665625 0.03125 0.0625
1 0.2375 0.79453125 0.03125 0.078125
1 0.8078125 0.6390625 0.01875 0.046875
0 0.81484375 0.69921875 0.04375 0.0828125
1 0.8703125 0.4390625 0.0375 0.0671875
1 0.66796875 0.221875 0.0359375 0.0421875
1 0.98984375 0.3125 0.0203125 0.0421875
1 0.2671875 0.1125 0.0296875 0.0484375
1 0.00859375 0.4390625 0.0125 0.0390625