0 0.40703125 0.59296875 0.065625 0.1078125
0 0.50390625 0.5140625 0.0640625 0.1
0 0.5609375 0.50703125 0.059375 0.0953125
0 0.71640625 0.5 0.0546875 0.096875
0 0.69453125 0.43515625 0.053125 0.09375
0 0.66328125 0.50546875 0.0390625 0.078125
0 0.03359375 0.35625 0.04375 0.084375
0 0.13828125 0.25859375 0.053125 0.0984375
0 0.16640625 0.28359375 0.05 0.075
0 0.40546875 0.34921875 0.0546875 0.090625
0 0.4859375 0.46953125 0.053125 0.0984375
0 0.62265625 0.37578125 0.0484375 0.078125
0 0.340625 0.16640625 0.05625 0.09375
0 0.3140625 0.27578125 0.034375 0.0625
0 0.52109375 0.07890625 0.04375 0.0765625
0 0.8578125 0.11953125 0.028125 0.0421875
0 0.90078125 0.68671875 0.0671875 0.115625
0 0.26875 0.16796875 0.059375 0.0953125
0 0.6453125 0.38125 0.046875 0.075
1 0.846875 0.46171875 0.05 0.0734375
1 0.78671875 0.5765625 0.046875 0.071875
1 0.7015625 0.621875 0.028125 0.05
1 0.640625 0.625 0.04375 0.06875
1 0.5640625 0.62734375 0.034375 0.0484375
1 0.4375 0.68046875 0.028125 0.0390625
1 0.88828125 0.4984375 0.0390625 0.065625
1 0.803125 0.37109375 0.0375 0.0625
1 0.296875 0.25546875 0.053125 0.0609375
1 0.24609375 0.19609375 0.0265625 0.0421875
1 0.1640625 0.03046875 0.025 0.0421875
1 0.08359375 0.19375 0.025 0.0375
1 0.14609375 0.021875 0.0203125 0.04375
1 0.4640625 0.32421875 0.040625 0.0671875
1 0.2984375 0.1609375 0.046875 0.084375
1 0.82890625 0.421875 0.028125 0.05
0 0.846875 0.36484375 0.05625 0.0875
1 0.8515625 0.63046875 0.05 0.0734375
1 0.61171875 0.8046875 0.04375 0.046875
1 0.9453125 0.77734375 0.028125 0.0453125
1 0.19765625 0.8359375 0.0390625 0.053125
1 0.0078125 0.4671875 0.015625 0.040625