0 0.43046875 0.6109375 0.05 0.1015625
0 0.50703125 0.51328125 0.05 0.09375
0 0.5609375 0.49296875 0.04375 0.090625
0 0.7109375 0.4515625 0.040625 0.0921875
0 0.675 0.39296875 0.040625 0.0875
0 0.6609375 0.46875 0.0296875 0.0765625
0 0.01484375 0.46484375 0.0296875 0.0828125
0 0.09375 0.34609375 0.0390625 0.096875
0 0.1265625 0.36484375 0.040625 0.071875
0 0.3734375 0.375 0.040625 0.0859375
0 0.4796875 0.4734375 0.0390625 0.096875
0 0.59140625 0.3515625 0.0390625 0.0734375
0 0.26953125 0.2109375 0.04375 0.0890625
0 0.26875 0.3234375 0.0234375 0.059375
0 0.42578125 0.08515625 0.034375 0.0734375
0 0.76328125 0.04921875 0.021875 0.0390625
0 0.93203125 0.5921875 0.05 0.1109375
0 0.2 0.228125 0.046875 0.090625
0 0.61484375 0.3515625 0.0359375 0.071875
1 0.82890625 0.384375 0.0390625 0.06875
1 0.796875 0.51015625 0.0359375 0.0671875
1 0.7234375 0.5734375 0.021875 0.046875
1 0.66484375 0.590625 0.0359375 0.0640625
1 0.59140625 0.609375 0.0265625 0.0453125
1 0.4796875 0.68984375 0.0234375 0.0359375
1 0.87734375 0.4109375 0.03125 0.0609375
1 0.76640625 0.30625 0.025 0.0609375
1 0.246875 0.30703125 0.0453125 0.0546875
1 0.184375 0.2609375 0.021875 0.0390625
1 0.0671875 0.11796875 0.01875 0.0390625
1 0.025 0.2953125 0.0203125 0.0359375
1 0.04765625 0.11328125 0.0140625 0.0453125
1 0.42578125 0.33671875 0.0328125 0.0640625
1 0.22734375 0.21484375 0.034375 0.0796875
1 0.803125 0.35 0.0203125 0.046875
0 0.8078125 0.28984375 0.046875 0.084375
1 0.871875 0.54765625 0.0390625 0.0671875
1 0.67734375 0.771875 0.0375 0.04375
1 0.9921875 0.6703125 0.015625 0.04375
1 0.28046875 0.8953125 0.03125 0.05
1 0.0109375 0.578125 0.0140625 0.040625