0 0.44453125 0.61875 0.0625 0.10625
0 0.50859375 0.5125 0.0609375 0.0984375
0 0.559375 0.4859375 0.0546875 0.0953125
0 0.703125 0.42578125 0.0515625 0.0953125
0 0.6609375 0.37265625 0.05 0.090625
0 0.65546875 0.44921875 0.0375 0.078125
0 0.01640625 0.5234375 0.0328125 0.084375
0 0.078125 0.396875 0.05 0.1
0 0.1125 0.4109375 0.0484375 0.0765625
0 0.359375 0.390625 0.0515625 0.090625
0 0.4765625 0.47578125 0.05 0.1
0 0.57265625 0.34140625 0.046875 0.078125
0 0.2359375 0.24140625 0.053125 0.0921875
0 0.24921875 0.353125 0.03125 0.0625
0 0.37578125 0.096875 0.0421875 0.0765625
0 0.70546875 0.0203125 0.0265625 0.040625
0 0.940625 0.53828125 0.0640625 0.115625
0 0.16875 0.2671875 0.0578125 0.0953125
0 0.59609375 0.33828125 0.04375 0.075
1 0.8125 0.3453125 0.046875 0.071875
1 0.7953125 0.4734375 0.04375 0.0703125
1 0.73125 0.5453125 0.028125 0.05
1 0.675 0.56953125 0.04375 0.0671875
1 0.60390625 0.59765625 0.0328125 0.0484375
1 0.503125 0.690625 0.0265625 0.0375
1 0.8640625 0.365625 0.0390625 0.0640625
1 0.740625 0.275 0.0328125 0.0625
1 0.22578125 0.3390625 0.0515625 0.059375
1 0.1578125 0.30078125 0.0265625 0.040625
1 0.0234375 0.1734375 0.0234375 0.040625
1 0.0078125 0.35390625 0.015625 0.0390625
1 0.00625 0.1703125 0.0125 0.046875
1 0.40625 0.346875 0.040625 0.0671875
1 0.19453125 0.25 0.04375 0.0828125
1 0.78203125 0.31484375 0.0265625 0.05
0 0.7796875 0.25390625 0.05625 0.0890625
1 0.875 0.50234375 0.046875 0.071875
1 0.709375 0.7484375 0.0421875 0.0484375
1 0.33046875 0.91953125 0.0359375 0.053125
1 0.02421875 0.63671875 0.01875 0.040625