0 0.01171875 0.56640625 0.0234375 0.0890625
0 0.0875 0.67890625 0.0453125 0.096875
0 0.12109375 0.64609375 0.04375 0.090625
0 0.19921875 0.77734375 0.0515625 0.109375
0 0.26796875 0.78671875 0.0484375 0.1109375
0 0.36640625 0.6125 0.0515625 0.109375
0 0.415625 0.36875 0.05625 0.109375
0 0.5 0.46015625 0.0515625 0.109375
0 0.4734375 0.50546875 0.0546875 0.109375
0 0.55390625 0.47109375 0.0515625 0.1109375
0 0.65078125 0.48515625 0.0390625 0.0953125
0 0.70078125 0.5 0.0515625 0.115625
0 0.66640625 0.55859375 0.05625 0.1046875
0 0.584375 0.6078125 0.0484375 0.0875
0 0.61484375 0.61328125 0.0390625 0.0765625
0 0.915625 0.340625 0.065625 0.125
0 0.7640625 0.89453125 0.028125 0.0515625
0 0.67734375 0.8828125 0.0265625 0.0515625
1 0.4140625 0.93046875 0.0265625 0.0390625
0 0.42734375 0.8921875 0.0421875 0.0765625
1 0.2453125 0.69375 0.0546875 0.06875
0 0.2625 0.67265625 0.034375 0.06875
1 0.971875 0.2921875 0.03125 0.0546875
1 0.78515625 0.4328125 0.0453125 0.0796875
1 0.81953125 0.5546875 0.0546875 0.0875
0 0.828125 0.484375 0.0453125 0.0734375
1 0.86953125 0.52265625 0.0375 0.075
1 0.7609375 0.6390625 0.0328125 0.0671875
1 0.7109375 0.378125 0.0390625 0.05625
1 0.64765625 0.36328125 0.0390625 0.065625
1 0.57578125 0.35078125 0.0375 0.05625
1 0.459375 0.28359375 0.034375 0.0484375
1 0.4171875 0.640625 0.040625 0.0734375
1 0.1828125 0.74453125 0.0296875 0.04375
1 0.0453125 0.91015625 0.0203125 0.0421875
1 0.06796875 0.90078125 0.03125 0.0453125