0 0.01171875 0.55703125 0.0234375 0.0890625
0 0.084375 0.671875 0.046875 0.096875
0 0.11875 0.63984375 0.0453125 0.090625
0 0.19453125 0.771875 0.053125 0.1109375
0 0.26328125 0.7828125 0.05 0.1125
0 0.36484375 0.61015625 0.053125 0.1109375
0 0.41796875 0.3671875 0.0578125 0.1109375
0 0.50078125 0.46015625 0.053125 0.1109375
0 0.4734375 0.5046875 0.05625 0.1109375
0 0.5546875 0.471875 0.053125 0.1125
0 0.65078125 0.4875 0.040625 0.0953125
0 0.70078125 0.503125 0.053125 0.1171875
0 0.665625 0.56171875 0.0578125 0.10625
0 0.5828125 0.609375 0.05 0.0890625
0 0.6125 0.615625 0.040625 0.0765625
0 0.91796875 0.34765625 0.0671875 0.1265625
0 0.75703125 0.89921875 0.0296875 0.0515625
0 0.6703125 0.8859375 0.028125 0.053125
1 0.40625 0.92890625 0.028125 0.0390625
0 0.4203125 0.890625 0.04375 0.078125
1 0.2421875 0.6890625 0.0546875 0.0703125
0 0.259375 0.66875 0.0359375 0.06875
1 0.97578125 0.30078125 0.0328125 0.0546875
1 0.7859375 0.4375 0.046875 0.0796875
1 0.81875 0.56015625 0.05625 0.0890625
0 0.828125 0.48984375 0.0453125 0.075
1 0.86875 0.52890625 0.0390625 0.075
1 0.75859375 0.64375 0.034375 0.0671875
1 0.71328125 0.38203125 0.040625 0.05625
1 0.65 0.365625 0.040625 0.065625
1 0.578125 0.35234375 0.0390625 0.05625
1 0.46328125 0.2828125 0.0359375 0.0484375
1 0.41484375 0.6390625 0.0421875 0.075
1 0.17890625 0.7390625 0.0296875 0.04375
1 0.03828125 0.90234375 0.021875 0.0421875
1 0.0609375 0.89296875 0.0328125 0.0453125