0 0.81484375 0.76953125 0.240625 0.196875
0 0.52890625 0.875 0.2234375 0.1796875
0 0.40390625 0.91875 0.115625 0.1515625
0 0.59296875 0.33671875 0.21875 0.190625
0 0.71015625 0.05703125 0.2640625 0.1140625
0 0.76328125 0.375 0.134375 0.125
0 0.78125 0.55 0.184375 0.1296875
0 0.71328125 0.2265625 0.159375 0.103125
0 0.43359375 0.3734375 0.1453125 0.1640625
0 0.33046875 0.359375 0.13125 0.13125
0 0.36484375 0.5125 0.084375 0.06875
0 0.6703125 0.90703125 0.1046875 0.0828125
0 0.296875 0.228125 0.09375 0.1171875
0 0.41171875 0.09765625 0.115625 0.13125
1 0.5140625 0.11484375 0.1578125 0.1421875
1 0.7671875 0.1171875 0.153125 0.109375
1 0.63671875 0.21328125 0.0796875 0.0640625
1 0.6125 0.15625 0.078125 0.075
1 0.78359375 0.45703125 0.153125 0.1359375
1 0.72265625 0.60546875 0.1546875 0.125
1 0.86015625 0.6296875 0.1359375 0.11875
1 0.89609375 0.7234375 0.1296875 0.1015625
1 0.59453125 0.7828125 0.1625 0.1703125
1 0.51328125 0.5640625 0.103125 0.10625
1 0.48984375 0.49140625 0.1 0.1046875
1 0.584375 0.45859375 0.084375 0.0859375
1 0.6515625 0.496875 0.090625 0.090625
1 0.72734375 0.30703125 0.10625 0.0890625
1 0.30625 0.3171875 0.1203125 0.134375
1 0.434375 0.5546875 0.0609375 0.05625