1 0.6671875 0.29765625 0.15 0.1765625
1 0.73125 0.16484375 0.128125 0.1578125
1 0.828125 0.15859375 0.13125 0.146875
1 0.54375 0.19921875 0.16875 0.184375
1 0.21015625 0.140625 0.1546875 0.1765625
1 0.1359375 0.375 0.18125 0.19375
1 0.48515625 0.49453125 0.1140625 0.128125
1 0.56171875 0.490625 0.115625 0.1265625
1 0.278125 0.63203125 0.1328125 0.1296875
1 0.5484375 0.33046875 0.115625 0.121875
1 0.49140625 0.38828125 0.0765625 0.0796875
0 0.2953125 0.2125 0.1421875 0.1703125
1 0.27734375 0.27890625 0.1140625 0.1171875
1 0.2078125 0.2890625 0.1078125 0.1125
1 0.3859375 0.21953125 0.10625 0.11875
0 0.878125 0.68828125 0.159375 0.1390625
0 0.8703125 0.55390625 0.203125 0.24375
0 0.85234375 0.24765625 0.2296875 0.2734375
0 0.90625 0.39375 0.1578125 0.146875
0 0.63125 0.23125 0.14375 0.1921875
0 0.38515625 0.3515625 0.2046875 0.225
0 0.359375 0.525 0.178125 0.1609375
0 0.475 0.61796875 0.078125 0.090625
0 0.103125 0.471875 0.1421875 0.11875
0 0.10546875 0.16796875 0.20625 0.2859375
0 0.46484375 0.20234375 0.115625 0.1515625
0 0.17890625 0.61171875 0.13125 0.1203125