1 0.6078125 0.28046875 0.1703125 0.190625
1 0.64375 0.13984375 0.1453125 0.16875
1 0.7390625 0.11875 0.146875 0.159375
1 0.46484375 0.203125 0.190625 0.2
1 0.12265625 0.1984375 0.1734375 0.1921875
1 0.0984375 0.43828125 0.196875 0.2109375
1 0.465625 0.50078125 0.128125 0.1375
1 0.540625 0.4859375 0.128125 0.1359375
1 0.28671875 0.66875 0.1484375 0.1421875
1 0.4953125 0.33203125 0.128125 0.13125
1 0.45078125 0.396875 0.0828125 0.0859375
0 0.221875 0.25625 0.1609375 0.18125
1 0.2171875 0.3234375 0.125 0.1265625
1 0.15 0.34453125 0.1203125 0.1234375
1 0.3125 0.2484375 0.11875 0.13125
0 0.89296875 0.62890625 0.171875 0.153125
0 0.85859375 0.49921875 0.228125 0.2625
0 0.78046875 0.2015625 0.2609375 0.2953125
0 0.86328125 0.33671875 0.1734375 0.1625
0 0.55703125 0.2203125 0.1671875 0.20625
0 0.3375 0.37734375 0.2296875 0.24375
0 0.34609375 0.55078125 0.196875 0.1796875
0 0.47890625 0.6234375 0.0875 0.0984375
0 0.08125 0.53984375 0.1546875 0.1328125
0 0.07265625 0.2390625 0.1453125 0.3125
0 0.38671875 0.21875 0.134375 0.1609375
0 0.184375 0.66484375 0.14375 0.1328125