1 0.6671875 0.70234375 0.15 0.1765625
1 0.73125 0.83515625 0.128125 0.1578125
1 0.828125 0.84140625 0.13125 0.146875
1 0.54375 0.80078125 0.16875 0.184375
1 0.21015625 0.859375 0.1546875 0.1765625
1 0.1359375 0.625 0.18125 0.19375
1 0.48515625 0.50546875 0.1140625 0.128125
1 0.56171875 0.509375 0.115625 0.1265625
1 0.278125 0.36796875 0.1328125 0.1296875
1 0.5484375 0.66953125 0.115625 0.121875
1 0.49140625 0.61171875 0.0765625 0.0796875
0 0.2953125 0.7875 0.1421875 0.1703125
1 0.27734375 0.72109375 0.1140625 0.1171875
1 0.2078125 0.7109375 0.1078125 0.1125
1 0.3859375 0.78046875 0.10625 0.11875
0 0.878125 0.31171875 0.159375 0.1390625
0 0.8703125 0.44609375 0.203125 0.24375
0 0.85234375 0.75234375 0.2296875 0.2734375
0 0.90625 0.60625 0.1578125 0.146875
0 0.63125 0.76875 0.14375 0.1921875
0 0.38515625 0.6484375 0.2046875 0.225
0 0.359375 0.475 0.178125 0.1609375
0 0.475 0.38203125 0.078125 0.090625
0 0.103125 0.528125 0.1421875 0.11875
0 0.10546875 0.83203125 0.20625 0.2859375
0 0.46484375 0.79765625 0.115625 0.1515625
0 0.17890625 0.38828125 0.13125 0.1203125