1 0.6546875 0.68984375 0.1375 0.1640625
1 0.72109375 0.81875 0.115625 0.146875
1 0.81875 0.81796875 0.1203125 0.1359375
1 0.5328125 0.796875 0.15625 0.1703125
1 0.2 0.87890625 0.140625 0.1640625
1 0.11953125 0.65 0.1671875 0.178125
1 0.46640625 0.50703125 0.1046875 0.1171875
1 0.54296875 0.5046875 0.1046875 0.115625
1 0.25390625 0.38359375 0.125 0.1171875
1 0.53359375 0.66484375 0.10625 0.1109375
1 0.475 0.61171875 0.06875 0.071875
0 0.28359375 0.8 0.128125 0.1578125
1 0.2640625 0.7359375 0.1046875 0.10625
1 0.19375 0.73046875 0.0984375 0.103125
1 0.37421875 0.7875 0.096875 0.1109375
0 0.85390625 0.2859375 0.1484375 0.1234375
0 0.85 0.4203125 0.1828125 0.2265625
0 0.840625 0.72734375 0.209375 0.2546875
0 0.890625 0.57734375 0.146875 0.1328125
0 0.61875 0.759375 0.1296875 0.18125
0 0.36953125 0.65625 0.1875 0.2078125
0 0.33828125 0.48515625 0.16875 0.1453125
0 0.4515625 0.384375 0.0703125 0.084375
0 0.0828125 0.55546875 0.1328125 0.10625
0 0.0953125 0.8609375 0.1828125 0.278125
0 0.453125 0.79921875 0.1046875 0.140625
0 0.15546875 0.41015625 0.1234375 0.1078125