0 0.23046875 0.18359375 0.26875 0.2328125
0 0.5296875 0.125 0.25 0.2125
0 0.66015625 0.10078125 0.1375 0.16875
0 0.38203125 0.64609375 0.2453125 0.221875
0 0.21640625 0.9125 0.2890625 0.175
0 0.2203125 0.58203125 0.153125 0.1453125
0 0.23046875 0.40703125 0.203125 0.1578125
0 0.246875 0.7359375 0.1734375 0.1265625
0 0.54609375 0.63515625 0.16875 0.184375
0 0.64609375 0.66484375 0.15 0.15
0 0.63515625 0.50859375 0.09375 0.0796875
0 0.3953125 0.071875 0.1171875 0.0984375
0 0.65859375 0.8 0.1109375 0.13125
0 0.52421875 0.91171875 0.1359375 0.1484375
1 0.42578125 0.878125 0.178125 0.165625
1 0.1765625 0.83671875 0.1671875 0.1328125
1 0.3203125 0.76171875 0.0890625 0.0765625
1 0.33515625 0.82265625 0.090625 0.0875
1 0.21328125 0.4984375 0.171875 0.1578125
1 0.29609375 0.3609375 0.171875 0.146875
1 0.1640625 0.315625 0.153125 0.1390625
1 0.14375 0.2171875 0.1421875 0.1203125
1 0.45078125 0.20546875 0.1875 0.19375
1 0.496875 0.434375 0.1171875 0.1203125
1 0.509375 0.51015625 0.1140625 0.1203125
1 0.41015625 0.5265625 0.096875 0.0984375
1 0.35078125 0.4796875 0.103125 0.1046875
1 0.2453125 0.65546875 0.1171875 0.1046875
1 0.6625 0.7109375 0.140625 0.1515625
1 0.5734375 0.45625 0.06875 0.065625