0 0.29609375 0.13828125 0.2359375 0.190625
0 0.60078125 0.1375 0.2203125 0.1734375
0 0.73359375 0.1390625 0.1109375 0.15
0 0.35625 0.62109375 0.2140625 0.184375
0 0.13828125 0.8765625 0.259375 0.178125
0 0.21015625 0.52734375 0.1328125 0.121875
0 0.253125 0.35703125 0.1828125 0.125
0 0.20625 0.68359375 0.1578125 0.0984375
0 0.51953125 0.64140625 0.140625 0.1609375
0 0.61171875 0.68984375 0.128125 0.128125
0 0.63125 0.534375 0.0828125 0.065625
0 0.47890625 0.059375 0.103125 0.0796875
0 0.5984375 0.825 0.090625 0.115625
0 0.4453125 0.90859375 0.1125 0.1296875
1 0.3546875 0.85703125 0.1546875 0.1390625
1 0.11796875 0.76875 0.15 0.1046875
1 0.2734375 0.72265625 0.0796875 0.0625
1 0.2765625 0.78515625 0.0765625 0.0734375
1 0.21875 0.44375 0.15 0.1328125
1 0.3265625 0.325 0.1515625 0.1203125
1 0.20546875 0.2546875 0.1328125 0.115625
1 0.20390625 0.1546875 0.1265625 0.0984375
1 0.5078125 0.2015625 0.159375 0.1671875
1 0.509375 0.43515625 0.1 0.103125
1 0.50703125 0.51171875 0.096875 0.103125
1 0.40703125 0.509375 0.0828125 0.084375
1 0.35703125 0.4515625 0.0875 0.0890625
1 0.2203125 0.60390625 0.103125 0.0859375
1 0.61953125 0.73828125 0.1171875 0.13125
1 0.58046875 0.47109375 0.059375 0.0546875