0 0.81484375 0.23046875 0.240625 0.196875
0 0.52890625 0.125 0.2234375 0.18125
0 0.40390625 0.08125 0.115625 0.15
0 0.59296875 0.66328125 0.21875 0.190625
0 0.71015625 0.94296875 0.2640625 0.1140625
0 0.76328125 0.625 0.134375 0.125
0 0.78125 0.45 0.184375 0.13125
0 0.71328125 0.7734375 0.159375 0.103125
0 0.43359375 0.6265625 0.1453125 0.165625
0 0.33046875 0.640625 0.13125 0.13125
0 0.36484375 0.4875 0.084375 0.06875
0 0.6703125 0.09296875 0.103125 0.0828125
0 0.296875 0.771875 0.09375 0.11875
0 0.41171875 0.90234375 0.115625 0.13125
1 0.5140625 0.88515625 0.159375 0.1421875
1 0.7671875 0.8828125 0.153125 0.109375
1 0.63671875 0.78671875 0.0796875 0.0640625
1 0.6125 0.84375 0.078125 0.075
1 0.78359375 0.54296875 0.153125 0.1359375
1 0.72265625 0.39453125 0.1546875 0.125
1 0.86015625 0.3703125 0.1359375 0.11875
1 0.89609375 0.2765625 0.1296875 0.103125
1 0.59453125 0.2171875 0.1625 0.171875
1 0.51328125 0.4359375 0.103125 0.10625
1 0.48984375 0.50859375 0.1 0.1046875
1 0.584375 0.54140625 0.084375 0.0859375
1 0.6515625 0.503125 0.090625 0.090625
1 0.72734375 0.69296875 0.10625 0.0890625
1 0.30625 0.6828125 0.11875 0.134375
1 0.434375 0.4453125 0.0625 0.05625