0 0.8359375 0.2046875 0.2859375 0.25
0 0.76015625 0.434375 0.2453125 0.209375
0 0.90234375 0.5 0.171875 0.146875
0 0.61640625 0.3765625 0.134375 0.1515625
0 0.6875 0.6734375 0.09375 0.0625
0 0.64765625 0.87734375 0.0828125 0.06875
0 0.6125 0.9671875 0.0609375 0.0515625
0 0.4875 0.61640625 0.134375 0.128125
1 0.815625 0.671875 0.128125 0.13125
1 0.61796875 0.81171875 0.1125 0.0890625
1 0.8890625 0.57734375 0.140625 0.1171875
1 0.91953125 0.33125 0.14375 0.159375
1 0.83203125 0.315625 0.103125 0.1140625
1 0.46171875 0.86953125 0.0671875 0.0625
1 0.6453125 0.940625 0.0625 0.05625
1 0.490625 0.84375 0.0609375 0.0578125