0 0.86015625 0.77265625 0.209375 0.2625
0 0.61796875 0.74140625 0.1734375 0.21875
0 0.58359375 0.89375 0.121875 0.153125
0 0.64453125 0.5875 0.134375 0.1125
0 0.36875 0.71953125 0.05 0.0859375
0 0.16171875 0.72265625 0.05625 0.075
0 0.06171875 0.709375 0.0546875 0.05625
0 0.38359375 0.5125 0.109375 0.11875
1 0.396875 0.84453125 0.1125 0.109375
1 0.2203125 0.6796875 0.071875 0.103125
1 0.50546875 0.89609375 0.096875 0.1265625
1 0.7578125 0.89453125 0.1375 0.1625
1 0.74921875 0.78671875 0.1 0.0875
1 0.13046875 0.53984375 0.0515625 0.059375
1 0.1 0.73359375 0.046875 0.0546875
1 0.1625 0.5625 0.05 0.053125