0 0.78359375 0.1484375 0.2015625 0.2578125
0 0.55625 0.2375 0.16875 0.2140625
0 0.4859375 0.09765625 0.115625 0.15
0 0.61953125 0.3796875 0.13125 0.1109375
0 0.31953125 0.31875 0.0453125 0.0859375
0 0.11796875 0.365625 0.053125 0.0703125
0 0.025 0.403125 0.05 0.053125
0 0.38359375 0.51640625 0.10625 0.115625
1 0.31640625 0.190625 0.1109375 0.10625
1 0.18515625 0.39296875 0.06875 0.1
1 0.409375 0.1140625 0.09375 0.1234375
1 0.65546875 0.06640625 0.1328125 0.1328125
1 0.67265625 0.16171875 0.0984375 0.084375
1 0.13125 0.55078125 0.05 0.0578125
1 0.0546875 0.3703125 0.04375 0.053125
1 0.15703125 0.52109375 0.0484375 0.0515625