0 0.89609375 0.73515625 0.178125 0.328125
0 0.77734375 0.7078125 0.140625 0.2890625
0 0.63359375 0.86796875 0.1515625 0.2640625
0 0.66640625 0.67890625 0.1296875 0.1796875
0 0.50390625 0.6546875 0.0875 0.1453125
1 0.503125 0.90078125 0.1015625 0.1984375
0 0.86171875 0.3546875 0.1125 0.2875
1 0.7671875 0.22890625 0.1578125 0.2265625
0 0.92734375 0.5265625 0.1453125 0.1796875
1 0.48828125 0.34765625 0.15 0.1984375
1 0.353125 0.1109375 0.140625 0.20625
1 0.29453125 0.5765625 0.071875 0.1234375
1 0.265625 0.4765625 0.059375 0.09375
1 0.18046875 0.86953125 0.0953125 0.134375
1 0.3390625 0.7546875 0.0828125 0.128125
1 0.340625 0.8671875 0.0578125 0.1046875
1 0.45703125 0.9390625 0.090625 0.121875
1 0.5875 0.92109375 0.071875 0.1578125
1 0.92265625 0.4078125 0.1421875 0.2640625
1 0.82265625 0.12109375 0.1515625 0.15625
1 0.86640625 0.1703125 0.0671875 0.146875
1 0.58125 0.1453125 0.1 0.146875
1 0.64921875 0.22578125 0.1140625 0.1890625
1 0.57734375 0.52734375 0.06875 0.128125