0 0.62109375 0.840625 0.1265625 0.2453125
0 0.88359375 0.70390625 0.1328125 0.2984375
0 0.64765625 0.6734375 0.1 0.15
0 0.846875 0.33359375 0.0890625 0.303125
0 0.49375 0.64296875 0.071875 0.1296875
0 0.5328125 0.5609375 0.034375 0.0765625
0 0.76171875 0.6890625 0.128125 0.2515625
0 0.946875 0.51015625 0.096875 0.215625
1 0.3359375 0.0921875 0.109375 0.184375
1 0.57265625 0.12265625 0.084375 0.1375
1 0.640625 0.19921875 0.096875 0.175
1 0.85625 0.1328125 0.0875 0.1328125
1 0.7984375 0.0921875 0.1203125 0.153125
1 0.9078125 0.36171875 0.10625 0.234375
1 0.16484375 0.8640625 0.078125 0.1265625
1 0.446875 0.928125 0.065625 0.1375
1 0.40859375 0.875 0.0453125 0.08125
1 0.33046875 0.74921875 0.0703125 0.1234375
1 0.2453125 0.67109375 0.05625 0.0546875
1 0.2546875 0.471875 0.0484375 0.078125
1 0.48125 0.33515625 0.1234375 0.159375
1 0.58125 0.496875 0.0734375 0.125
1 0.4390625 0.80625 0.0640625 0.121875
1 0.3234375 0.85234375 0.0484375 0.06875
1 0.27421875 0.81328125 0.053125 0.09375
1 0.325 0.35625 0.034375 0.0390625
1 0.284375 0.5671875 0.0640625 0.0984375
1 0.29921875 0.6203125 0.0515625 0.078125
1 0.38515625 0.96015625 0.0546875 0.06875
1 0.33046875 0.95078125 0.0578125 0.0796875
1 0.128125 0.9375 0.0453125 0.0640625
1 0.0828125 0.93203125 0.04375 0.0546875