0 0.6890625 0.8078125 0.14375 0.25625
0 0.91796875 0.61953125 0.1546875 0.30625
0 0.68046875 0.6390625 0.109375 0.1546875
0 0.8046875 0.265625 0.109375 0.30625
0 0.5234375 0.64140625 0.0796875 0.1328125
0 0.54453125 0.553125 0.0390625 0.078125
0 0.7953125 0.63046875 0.1421875 0.25625
0 0.9390625 0.41640625 0.1109375 0.2203125
1 0.253125 0.12734375 0.121875 0.20625
1 0.4921875 0.115625 0.09375 0.1390625
1 0.575 0.17578125 0.109375 0.1796875
1 0.771875 0.0671875 0.096875 0.134375
1 0.70703125 0.059375 0.1296875 0.11875
1 0.86953125 0.28046875 0.1203125 0.2390625
1 0.24765625 0.92578125 0.0859375 0.13125
1 0.5359375 0.92890625 0.075 0.1421875
1 0.4890625 0.88515625 0.0515625 0.084375
1 0.3859375 0.77890625 0.078125 0.1265625
1 0.28671875 0.7203125 0.0578125 0.059375
1 0.25390625 0.5234375 0.0515625 0.08125
1 0.446875 0.3421875 0.1328125 0.165625
1 0.57890625 0.48046875 0.08125 0.128125
1 0.5046875 0.81171875 0.071875 0.1234375
1 0.40078125 0.88125 0.0515625 0.071875
1 0.34453125 0.85390625 0.059375 0.096875
1 0.29921875 0.3953125 0.0375 0.040625
1 0.303125 0.61015625 0.0703125 0.1015625
1 0.32890625 0.66015625 0.0578125 0.08125
1 0.48125 0.96796875 0.059375 0.0640625
1 0.42578125 0.96640625 0.0640625 0.0671875
1 0.22578125 0.98515625 0.0484375 0.0296875
1 0.1796875 0.98984375 0.046875 0.0203125