0 0.678125 0.8140625 0.1359375 0.2484375
0 0.91328125 0.634375 0.14375 0.3015625
0 0.67578125 0.6453125 0.1046875 0.153125
0 0.8125 0.2765625 0.1 0.3046875
0 0.51875 0.64140625 0.0765625 0.13125
0 0.54296875 0.5546875 0.0375 0.078125
0 0.790625 0.640625 0.1359375 0.2546875
0 0.9421875 0.43203125 0.103125 0.21875
1 0.265625 0.11953125 0.115625 0.203125
1 0.50625 0.11640625 0.0890625 0.1390625
1 0.58671875 0.17890625 0.103125 0.1765625
1 0.78671875 0.0765625 0.090625 0.1359375
1 0.7234375 0.0625 0.125 0.125
1 0.87734375 0.29296875 0.1140625 0.2359375
1 0.23359375 0.9171875 0.0828125 0.128125
1 0.521875 0.93046875 0.0703125 0.1390625
1 0.475 0.88515625 0.0484375 0.08125
1 0.3765625 0.77421875 0.075 0.125
1 0.27890625 0.7125 0.0578125 0.05625
1 0.253125 0.51484375 0.05 0.0796875
1 0.45234375 0.340625 0.128125 0.1625
1 0.57890625 0.4828125 0.078125 0.1265625
1 0.49375 0.81171875 0.06875 0.1234375
1 0.3875 0.878125 0.05 0.0703125
1 0.33203125 0.84765625 0.05625 0.0953125
1 0.303125 0.3890625 0.0359375 0.040625
1 0.29921875 0.60390625 0.0671875 0.1015625
1 0.32265625 0.65390625 0.0546875 0.0796875
1 0.465625 0.96875 0.05625 0.0625
1 0.41171875 0.96640625 0.0609375 0.0671875
1 0.209375 0.98125 0.046875 0.0375
1 0.16328125 0.984375 0.0453125 0.03125