0 0.68359375 0.8109375 0.1390625 0.253125
0 0.915625 0.6265625 0.1484375 0.303125
0 0.678125 0.6421875 0.1078125 0.153125
0 0.80859375 0.27109375 0.1046875 0.3046875
0 0.52109375 0.64140625 0.078125 0.13125
0 0.54375 0.55390625 0.0390625 0.078125
0 0.79296875 0.6359375 0.1375 0.2546875
0 0.940625 0.42421875 0.1078125 0.21875
1 0.259375 0.1234375 0.11875 0.2046875
1 0.49921875 0.115625 0.090625 0.1390625
1 0.58046875 0.17734375 0.10625 0.178125
1 0.7796875 0.07109375 0.09375 0.1359375
1 0.715625 0.0609375 0.128125 0.121875
1 0.8734375 0.28671875 0.1171875 0.2375
1 0.240625 0.92109375 0.084375 0.1296875
1 0.528125 0.9296875 0.071875 0.140625
1 0.48203125 0.88515625 0.05 0.0828125
1 0.38125 0.7765625 0.0765625 0.125
1 0.2828125 0.71640625 0.05625 0.0578125
1 0.25390625 0.51953125 0.05 0.0796875
1 0.45 0.34140625 0.1296875 0.1640625
1 0.57890625 0.48203125 0.0796875 0.1265625
1 0.49921875 0.81171875 0.0703125 0.121875
1 0.39375 0.8796875 0.0515625 0.0703125
1 0.33828125 0.85078125 0.0578125 0.0953125
1 0.30078125 0.3921875 0.0375 0.040625
1 0.3015625 0.60703125 0.06875 0.1
1 0.32578125 0.65703125 0.05625 0.0796875
1 0.47421875 0.96875 0.0578125 0.0625
1 0.41875 0.96640625 0.0625 0.0671875
1 0.21796875 0.98359375 0.0484375 0.0328125
1 0.171875 0.9875 0.046875 0.025