0 0.56640625 0.14453125 0.165625 0.265625
0 0.84765625 0.23828125 0.1796875 0.3171875
0 0.61875 0.30625 0.121875 0.1640625
0 0.86875 0.61015625 0.1359375 0.3140625
0 0.471875 0.359375 0.0921875 0.1390625
0 0.52265625 0.434375 0.046875 0.0828125
0 0.72890625 0.27265625 0.1640625 0.2671875
0 0.9375 0.41953125 0.125 0.2296875
1 0.40078125 0.9140625 0.1359375 0.171875
1 0.63125 0.8609375 0.10625 0.1484375
1 0.68671875 0.77578125 0.1234375 0.1875
1 0.909375 0.80703125 0.10625 0.1453125
1 0.85859375 0.85546875 0.14375 0.1703125
1 0.9234375 0.5734375 0.1421875 0.2484375
1 0.11171875 0.19296875 0.0984375 0.1375
1 0.38046875 0.0859375 0.0875 0.146875
1 0.3515625 0.14375 0.0578125 0.0859375
1 0.29375 0.28046875 0.0890625 0.1328125
1 0.221875 0.37109375 0.0609375 0.0625
1 0.26171875 0.56640625 0.0578125 0.0828125
1 0.50703125 0.665625 0.146875 0.1765625
1 0.58046875 0.48984375 0.0921875 0.1328125
1 0.3921875 0.20703125 0.0828125 0.128125
1 0.2703125 0.1796875 0.0578125 0.0765625
1 0.22890625 0.22578125 0.0671875 0.1015625
1 0.35 0.66953125 0.040625 0.0453125
1 0.2765625 0.46796875 0.078125 0.1078125
1 0.28203125 0.4125 0.0640625 0.0859375
1 0.3140625 0.06328125 0.0640625 0.0765625
1 0.26171875 0.08125 0.0703125 0.0875
1 0.06484375 0.12578125 0.0546875 0.0703125
1 0.02265625 0.13828125 0.0453125 0.0609375