0 0.59765625 0.1515625 0.1453125 0.25625
0 0.86875 0.26953125 0.1546875 0.3078125
0 0.63515625 0.3171875 0.109375 0.15625
0 0.8578125 0.64140625 0.1109375 0.3078125
0 0.484375 0.3578125 0.08125 0.134375
0 0.528125 0.43671875 0.040625 0.0796875
0 0.74765625 0.29375 0.14375 0.2578125
0 0.94453125 0.4578125 0.1109375 0.221875
1 0.3640625 0.9109375 0.121875 0.178125
1 0.59921875 0.87109375 0.0953125 0.1421875
1 0.66171875 0.790625 0.109375 0.1796875
1 0.88125 0.84140625 0.0953125 0.1375
1 0.82578125 0.8859375 0.1296875 0.1609375
1 0.915625 0.61015625 0.121875 0.2390625
1 0.140625 0.16015625 0.0875 0.13125
1 0.4171875 0.0765625 0.075 0.1421875
1 0.3828125 0.13203125 0.0515625 0.0828125
1 0.31328125 0.26328125 0.0796875 0.128125
1 0.234375 0.34765625 0.05625 0.0578125
1 0.25703125 0.5453125 0.0515625 0.0796875
1 0.4921875 0.665625 0.134375 0.1671875
1 0.58125 0.496875 0.0828125 0.128125
1 0.41796875 0.1984375 0.0734375 0.121875
1 0.29921875 0.1609375 0.053125 0.071875
1 0.25390625 0.203125 0.059375 0.096875
1 0.3359375 0.65546875 0.0375 0.0421875
1 0.28046875 0.4484375 0.0703125 0.1015625
1 0.290625 0.39375 0.0578125 0.08125
1 0.353125 0.0484375 0.059375 0.071875
1 0.29921875 0.0625 0.0640625 0.0828125
1 0.0984375 0.08984375 0.0484375 0.0671875
1 0.05390625 0.0984375 0.046875 0.0578125