0 0.90703125 0.6546875 0.1859375 0.35625
0 0.81171875 0.65078125 0.19375 0.3109375
0 0.7015625 0.8359375 0.1984375 0.2875
0 0.69765625 0.64375 0.1609375 0.2015625
0 0.53359375 0.65078125 0.1140625 0.159375
1 0.5796875 0.89296875 0.1375 0.2140625
0 0.82734375 0.28828125 0.165625 0.303125
1 0.7109375 0.1828125 0.1984375 0.253125
0 0.91796875 0.44375 0.1640625 0.203125
1 0.459375 0.35234375 0.184375 0.2234375
1 0.28125 0.14609375 0.178125 0.2296875
1 0.31328125 0.6140625 0.09375 0.134375
1 0.265625 0.521875 0.0765625 0.103125
1 0.25703125 0.9234375 0.11875 0.15
1 0.390625 0.78046875 0.10625 0.1421875
1 0.41328125 0.890625 0.0765625 0.1125
1 0.540625 0.93515625 0.1125 0.1296875
1 0.66640625 0.896875 0.1 0.16875
1 0.89765625 0.32890625 0.190625 0.2875
1 0.74375 0.07890625 0.178125 0.1578125
1 0.796875 0.10625 0.09375 0.15625
1 0.51171875 0.1359375 0.1265625 0.1625
1 0.59453125 0.20234375 0.1484375 0.2078125
1 0.58125 0.51171875 0.0921875 0.1390625