0 0.8671875 0.67734375 0.1734375 0.325
0 0.74921875 0.659375 0.1359375 0.2859375
0 0.60078125 0.83515625 0.146875 0.2734375
0 0.6375 0.63828125 0.1265625 0.178125
0 0.4765625 0.62734375 0.0859375 0.1453125
1 0.46875 0.87265625 0.0984375 0.1984375
0 0.84296875 0.2984375 0.1078125 0.2875
1 0.75234375 0.18046875 0.1546875 0.225
0 0.91171875 0.465625 0.1578125 0.1765625
1 0.4703125 0.3203125 0.146875 0.196875
1 0.34140625 0.0984375 0.1359375 0.196875
1 0.26953125 0.5640625 0.0703125 0.121875
1 0.24375 0.46640625 0.0578125 0.0921875
1 0.14609375 0.865625 0.0921875 0.1328125
1 0.30859375 0.7390625 0.08125 0.1265625
1 0.30625 0.8515625 0.05625 0.1046875
1 0.42109375 0.92109375 0.0890625 0.134375
1 0.55234375 0.8890625 0.06875 0.159375
1 0.90390625 0.346875 0.1375 0.2609375
1 0.81015625 0.071875 0.15 0.14375
1 0.85390625 0.1140625 0.065625 0.146875
1 0.56875 0.11015625 0.0984375 0.146875
1 0.63515625 0.1859375 0.1109375 0.1875
1 0.55390625 0.49375 0.0671875 0.1265625