0 0.81796875 0.75546875 0.240625 0.35625
0 0.70703125 0.71171875 0.196875 0.309375
0 0.52265625 0.84921875 0.2046875 0.3
0 0.603125 0.665625 0.1625 0.2015625
0 0.4484375 0.61875 0.115625 0.1609375
1 0.3859375 0.85625 0.140625 0.215625
0 0.8796875 0.38046875 0.1703125 0.3046875
1 0.81796875 0.2453125 0.2015625 0.2546875
0 0.90546875 0.559375 0.1890625 0.20625
1 0.51171875 0.31796875 0.1875 0.225
1 0.43515625 0.0921875 0.1765625 0.184375
1 0.2609375 0.5109375 0.0953125 0.134375
1 0.2578125 0.409375 0.0765625 0.103125
1 0.07265625 0.7765625 0.11875 0.15
1 0.259375 0.68984375 0.1078125 0.1421875
1 0.23203125 0.79921875 0.078125 0.1140625
1 0.328125 0.8921875 0.1171875 0.1515625
1 0.46328125 0.890625 0.103125 0.1703125
1 0.915625 0.44140625 0.16875 0.2859375
1 0.8984375 0.15234375 0.178125 0.1734375
1 0.93203125 0.20390625 0.096875 0.1578125
1 0.6546875 0.1359375 0.1296875 0.165625
1 0.70234375 0.22421875 0.15 0.2078125
1 0.55390625 0.50625 0.09375 0.1375