0 0.6484375 0.74453125 0.1796875 0.1796875
0 0.2890625 0.77265625 0.18125 0.2
0 0.55546875 0.41953125 0.14375 0.1578125
0 0.74765625 0.49453125 0.1421875 0.1765625
0 0.4828125 0.4984375 0.140625 0.1203125
0 0.90078125 0.5859375 0.1125 0.109375
1 0.11015625 0.296875 0.1171875 0.103125
1 0.1484375 0.725 0.103125 0.125
1 0.1171875 0.7625 0.14375 0.1765625
1 0.5125 0.7046875 0.109375 0.11875
1 0.5625 0.7875 0.071875 0.06875
1 0.4125 0.67890625 0.125 0.140625
1 0.95546875 0.80234375 0.0890625 0.1125
1 0.88203125 0.48671875 0.0734375 0.09375
1 0.79765625 0.2734375 0.15625 0.1359375
1 0.66640625 0.32421875 0.0875 0.1
1 0.4375 0.36015625 0.109375 0.10625
1 0.37890625 0.43671875 0.1125 0.1078125
1 0.2859375 0.36953125 0.0828125 0.09375
1 0.16171875 0.171875 0.0921875 0.0671875
1 0.02734375 0.228125 0.040625 0.084375
1 0.034375 0.3359375 0.0609375 0.078125
1 0.59140625 0.30390625 0.0578125 0.0890625
1 0.94921875 0.50703125 0.053125 0.0609375
1 0.6421875 0.4640625 0.125 0.1171875
1 0.175 0.4125 0.1390625 0.1203125