0 0.7421875 0.34765625 0.1828125 0.1828125
0 0.7765625 0.70625 0.203125 0.184375
0 0.41875 0.44609375 0.1625 0.146875
0 0.48984375 0.25234375 0.18125 0.14375
0 0.4984375 0.5171875 0.1234375 0.1421875
0 0.57890625 0.09765625 0.1109375 0.1140625
1 0.30390625 0.89296875 0.1046875 0.11875
1 0.73125 0.84765625 0.1265625 0.1046875
1 0.76953125 0.878125 0.178125 0.146875
1 0.7046875 0.48359375 0.1203125 0.1109375
1 0.78671875 0.4328125 0.0703125 0.0734375
1 0.68046875 0.584375 0.1421875 0.128125
1 0.79453125 0.04140625 0.1140625 0.0828125
1 0.4796875 0.11796875 0.0953125 0.0734375
1 0.26796875 0.20625 0.1390625 0.159375
1 0.32109375 0.33671875 0.1015625 0.0890625
1 0.3609375 0.56484375 0.1078125 0.1109375
1 0.4390625 0.621875 0.1078125 0.1140625
1 0.3734375 0.71640625 0.0953125 0.084375
1 0.178125 0.84375 0.06875 0.09375
1 0.23671875 0.97734375 0.084375 0.0421875
1 0.34375 0.96875 0.0796875 0.0609375
1 0.30234375 0.41171875 0.0890625 0.0578125
1 0.49921875 0.05078125 0.0609375 0.0546875
1 0.46171875 0.35859375 0.11875 0.1265625
1 0.41796875 0.8265625 0.1234375 0.1390625