0 0.621875 0.75859375 0.196875 0.196875
0 0.26171875 0.74921875 0.2015625 0.2171875
0 0.56328125 0.42578125 0.159375 0.1734375
0 0.746875 0.5203125 0.1578125 0.1921875
0 0.4828125 0.496875 0.153125 0.134375
0 0.88984375 0.62734375 0.1234375 0.1203125
1 0.13359375 0.25703125 0.1265625 0.1140625
1 0.1265625 0.68671875 0.115625 0.134375
1 0.0921875 0.72109375 0.1609375 0.1890625
1 0.49140625 0.7046875 0.121875 0.1296875
1 0.53203125 0.7921875 0.078125 0.0765625
1 0.39453125 0.66875 0.1390625 0.153125
1 0.92109375 0.8484375 0.0984375 0.1203125
1 0.88125 0.5265625 0.08125 0.1
1 0.81953125 0.30546875 0.1703125 0.1515625
1 0.68359375 0.3421875 0.096875 0.109375
1 0.45234375 0.3546875 0.1203125 0.1171875
1 0.3859375 0.42421875 0.1234375 0.1171875
1 0.30078125 0.34765625 0.0921875 0.1015625
1 0.19765625 0.13828125 0.096875 0.0765625
1 0.05859375 0.18046875 0.05 0.0875
1 0.05390625 0.28828125 0.0671875 0.084375
1 0.61171875 0.31484375 0.065625 0.0921875
1 0.94609375 0.55390625 0.059375 0.0640625
1 0.6453125 0.47890625 0.1359375 0.1296875
1 0.1859375 0.37890625 0.15 0.134375