0 0.76484375 0.6078125 0.2125 0.2125
0 0.73671875 0.24921875 0.2328125 0.2171875
0 0.4296875 0.5671875 0.1859375 0.1734375
0 0.5328125 0.7453125 0.203125 0.1734375
0 0.4953125 0.48359375 0.1453125 0.1609375
0 0.64765625 0.8828125 0.1296875 0.13125
1 0.23828125 0.146875 0.1234375 0.134375
1 0.6671875 0.1171875 0.1421875 0.125
1 0.69921875 0.08359375 0.2015625 0.1671875
1 0.7046875 0.48046875 0.1390625 0.1296875
1 0.79375 0.51640625 0.08125 0.084375
1 0.66328125 0.3859375 0.1625 0.1515625
1 0.86953125 0.90078125 0.1265625 0.1015625
1 0.54609375 0.8796875 0.1078125 0.0890625
1 0.32265625 0.8296875 0.1640625 0.18125
1 0.35234375 0.6921875 0.115625 0.1046875
1 0.3515625 0.46015625 0.1265625 0.128125
1 0.41875 0.390625 0.1265625 0.1296875
1 0.3375 0.30859375 0.109375 0.1
1 0.1234375 0.2171875 0.084375 0.1046875
1 0.1578125 0.07578125 0.090625 0.05625
1 0.26484375 0.065625 0.090625 0.075
1 0.3203125 0.62109375 0.0984375 0.071875
1 0.57734375 0.9421875 0.06875 0.0640625
1 0.48671875 0.64609375 0.1390625 0.1453125
1 0.3625 0.19296875 0.1453125 0.159375