0 0.23828125 0.03515625 0.1328125 0.0703125
0 0.359375 0.1484375 0.0796875 0.059375
0 0.21953125 0.225 0.1109375 0.0671875
0 0.19296875 0.26875 0.096875 0.065625
0 0.34453125 0.23203125 0.075 0.0546875
0 0.328125 0.3453125 0.078125 0.0515625
0 0.28984375 0.36484375 0.0890625 0.0484375
0 0.2546875 0.378125 0.0828125 0.046875
0 0.265625 0.3203125 0.084375 0.0515625
0 0.48203125 0.32265625 0.08125 0.0625
0 0.3734375 0.42265625 0.075 0.053125
0 0.28515625 0.4609375 0.0875 0.0546875
0 0.2203125 0.48046875 0.0625 0.0359375
0 0.2 0.4453125 0.078125 0.0515625
0 0.22734375 0.515625 0.0890625 0.05625
0 0.2234375 0.5609375 0.078125 0.05
0 0.18046875 0.58828125 0.078125 0.053125
0 0.17734375 0.60703125 0.0953125 0.046875
0 0.2875 0.65703125 0.059375 0.04375
0 0.22421875 0.68515625 0.0578125 0.040625
0 0.15078125 0.6296875 0.0734375 0.04375
0 0.10625 0.890625 0.046875 0.03125
0 0.14765625 0.91875 0.0484375 0.0328125
0 0.24765625 0.86953125 0.0296875 0.015625
0 0.23203125 0.88671875 0.0390625 0.01875
0 0.41640625 0.503125 0.0734375 0.0578125
1 0.36171875 0.19453125 0.0640625 0.05
1 0.246875 0.17890625 0.1109375 0.071875
1 0.44765625 0.3328125 0.1 0.0625
1 0.184375 0.40859375 0.078125 0.0484375
1 0.24453125 0.540625 0.046875 0.0328125
1 0.39453125 0.52421875 0.0578125 0.0359375
1 0.51953125 0.64765625 0.0546875 0.0359375
1 0.21484375 0.65859375 0.034375 0.0234375
1 0.15078125 0.66640625 0.05 0.0296875
1 0.20625 0.82890625 0.0515625 0.034375
1 0.0640625 0.88046875 0.0359375 0.03125
1 0.2203125 0.903125 0.034375 0.0234375
0 0.18203125 0.80546875 0.0515625 0.0359375
0 0.165625 0.8 0.0515625 0.040625