0 0.80078125 0.81875 0.0890625 0.1625
0 0.9578125 0.865625 0.084375 0.209375
0 0.76875 0.50078125 0.06875 0.1265625
0 0.5953125 0.4609375 0.06875 0.109375
0 0.440625 0.41484375 0.05625 0.09375
0 0.5265625 0.54609375 0.0453125 0.096875
0 0.509375 0.7296875 0.0578125 0.1
0 0.4703125 0.65859375 0.0484375 0.096875
0 0.4171875 0.59921875 0.0453125 0.090625
0 0.303125 0.503125 0.0375 0.059375
0 0.30625 0.425 0.0453125 0.075
0 0.22578125 0.6671875 0.03125 0.053125
0 0.20859375 0.7171875 0.0296875 0.0515625
0 0.36328125 0.77578125 0.0375 0.084375
0 0.78203125 0.7359375 0.0546875 0.115625
0 0.821875 0.75234375 0.0640625 0.121875
0 0.28984375 0.53046875 0.0328125 0.0671875
0 0.50078125 0.6203125 0.0546875 0.103125