0 0.759375 0.853125 0.096875 0.165625
0 0.9140625 0.9 0.103125 0.175
0 0.7671875 0.53359375 0.075 0.128125
0 0.59921875 0.4734375 0.0734375 0.1109375
0 0.4515625 0.4078125 0.059375 0.0953125
0 0.5203125 0.5484375 0.05 0.096875
0 0.48125 0.72890625 0.0625 0.1015625
0 0.4515625 0.65390625 0.053125 0.096875
0 0.40546875 0.58828125 0.0484375 0.090625
0 0.30390625 0.47890625 0.0390625 0.0625
0 0.31640625 0.4015625 0.0484375 0.075
0 0.2078125 0.63203125 0.0328125 0.0546875
0 0.184375 0.6796875 0.03125 0.053125
0 0.33046875 0.75703125 0.0421875 0.0859375
0 0.75078125 0.76796875 0.0609375 0.115625
0 0.78828125 0.78984375 0.0703125 0.1234375
0 0.2875 0.5046875 0.034375 0.06875
0 0.48515625 0.61953125 0.059375 0.1046875