0 0.8375 0.7796875 0.08125 0.1609375
0 0.98046875 0.80546875 0.0390625 0.2046875
0 0.7671875 0.46796875 0.0625 0.125
0 0.58984375 0.45 0.0640625 0.1046875
0 0.43046875 0.42265625 0.0515625 0.0921875
0 0.53203125 0.5421875 0.040625 0.09375
0 0.5375 0.72734375 0.053125 0.0984375
0 0.490625 0.6609375 0.04375 0.09375
0 0.4296875 0.60859375 0.0421875 0.0875
0 0.3046875 0.5265625 0.034375 0.0609375
0 0.2984375 0.44921875 0.040625 0.071875
0 0.2484375 0.69921875 0.028125 0.0515625
0 0.2375 0.75078125 0.0265625 0.05
0 0.39765625 0.790625 0.0328125 0.0828125
0 0.80859375 0.69921875 0.0484375 0.1125
0 0.85 0.71171875 0.059375 0.1203125
0 0.2953125 0.55625 0.0296875 0.065625
0 0.51484375 0.61953125 0.0515625 0.1