0 0.98984375 0.72578125 0.0203125 0.2109375
0 0.8734375 0.725 0.10625 0.1828125
0 0.82578125 0.63125 0.0625 0.0765625
0 0.88046875 0.65546875 0.0734375 0.1140625
0 0.5671875 0.44375 0.0984375 0.109375
0 0.75234375 0.42890625 0.0859375 0.1375
0 0.56953125 0.7203125 0.0640625 0.0953125
0 0.5125 0.66640625 0.0625 0.0921875
0 0.53359375 0.54296875 0.06875 0.096875
0 0.4109375 0.4390625 0.0671875 0.090625
0 0.30546875 0.60390625 0.03125 0.0484375
0 0.30625 0.56015625 0.0453125 0.0671875
0 0.2875 0.49375 0.0515625 0.071875