0 0.9453125 0.871875 0.0953125 0.184375
0 0.7890625 0.825 0.0875 0.1765625
0 0.7796875 0.7203125 0.0546875 0.071875
0 0.821875 0.7625 0.059375 0.109375
0 0.60703125 0.45078125 0.0875 0.1015625
0 0.78515625 0.5046875 0.071875 0.1328125
0 0.50859375 0.71015625 0.053125 0.090625
0 0.47421875 0.63828125 0.0515625 0.0875
0 0.53984375 0.53125 0.059375 0.0921875
0 0.4625 0.3890625 0.0578125 0.0859375
0 0.3046875 0.5046875 0.0265625 0.046875
0 0.32109375 0.4640625 0.040625 0.0640625
0 0.328125 0.3953125 0.04375 0.06875