0 0.72109375 0.878125 0.1015625 0.165625
0 0.86875 0.92734375 0.109375 0.1453125
0 0.76171875 0.5609375 0.078125 0.128125
0 0.6015625 0.48359375 0.0765625 0.1109375
0 0.4609375 0.403125 0.0625 0.0953125
0 0.515625 0.55078125 0.0515625 0.0953125
0 0.45703125 0.72578125 0.065625 0.1015625
0 0.4359375 0.6484375 0.0546875 0.096875
0 0.396875 0.578125 0.0515625 0.0890625
0 0.3078125 0.45859375 0.040625 0.0625
0 0.328125 0.3828125 0.05 0.075
0 0.1953125 0.6015625 0.034375 0.0546875
0 0.1671875 0.64609375 0.0328125 0.0515625
0 0.3046875 0.73828125 0.04375 0.084375
0 0.721875 0.79296875 0.0625 0.115625
0 0.75625 0.81796875 0.0734375 0.1234375
0 0.28828125 0.4828125 0.0375 0.0671875
0 0.4734375 0.6171875 0.0640625 0.1046875