0 0.80625 0.81328125 0.065625 0.1546875
0 0.96875 0.85703125 0.0625 0.2
0 0.76875 0.49609375 0.05 0.1203125
0 0.59453125 0.459375 0.0546875 0.1
0 0.4390625 0.415625 0.0421875 0.0875
0 0.52734375 0.5453125 0.03125 0.090625
0 0.51328125 0.7296875 0.04375 0.09375
0 0.4734375 0.659375 0.034375 0.090625
0 0.41875 0.60078125 0.0328125 0.084375
0 0.303125 0.50625 0.028125 0.0578125
0 0.3046875 0.428125 0.034375 0.06875
0 0.22890625 0.671875 0.0234375 0.05
0 0.2125 0.721875 0.021875 0.0484375
0 0.36796875 0.778125 0.025 0.08125
0 0.7859375 0.73046875 0.0375 0.109375
0 0.82578125 0.746875 0.046875 0.115625
0 0.290625 0.534375 0.0234375 0.0640625
0 0.50234375 0.6203125 0.0421875 0.096875