0 0.87421875 0.921875 0.1265625 0.15625
0 0.728125 0.8703125 0.1171875 0.1890625
0 0.7375 0.765625 0.065625 0.0796875
0 0.77109375 0.8140625 0.078125 0.11875
0 0.6140625 0.4703125 0.103125 0.115625
0 0.7796875 0.55390625 0.09375 0.14375
0 0.471875 0.70859375 0.06875 0.0984375
0 0.45078125 0.63203125 0.065625 0.0953125
0 0.53359375 0.5375 0.075 0.1015625
0 0.48203125 0.384375 0.071875 0.0953125
0 0.30703125 0.4703125 0.034375 0.05
0 0.3296875 0.43359375 0.0515625 0.0703125
0 0.34921875 0.3671875 0.0546875 0.075