0 0.3546875 0.59296875 0.1 0.15625
0 0.21171875 0.08125 0.0625 0.0984375
0 0.384375 0.06875 0.0703125 0.1
0 0.71328125 0.253125 0.0640625 0.0984375
0 0.64921875 0.4015625 0.0796875 0.1140625
0 0.79375 0.49140625 0.078125 0.11875
0 0.76328125 0.37734375 0.0703125 0.1140625
0 0.8625 0.35546875 0.053125 0.078125
0 0.82109375 0.38828125 0.0609375 0.1015625
0 0.89140625 0.2828125 0.0515625 0.0765625
0 0.94921875 0.20546875 0.0703125 0.1203125
0 0.52109375 0.7984375 0.08125 0.1234375
0 0.6328125 0.6265625 0.075 0.1515625
0 0.39453125 0.46171875 0.0734375 0.1125
0 0.4625 0.33671875 0.0625 0.103125
0 0.51015625 0.65 0.1046875 0.1484375
0 0.58125 0.44765625 0.0703125 0.115625
0 0.64375 0.48671875 0.06875 0.0953125
0 0.7 0.4734375 0.053125 0.096875
0 0.23359375 0.034375 0.0453125 0.0609375