0 0.36484375 0.6078125 0.084375 0.1484375
0 0.16953125 0.1140625 0.053125 0.09375
0 0.33984375 0.08359375 0.0609375 0.09375
0 0.6859375 0.23203125 0.0546875 0.09375
0 0.63828125 0.38671875 0.06875 0.1078125
0 0.79140625 0.4609375 0.0671875 0.1125
0 0.74921875 0.35078125 0.059375 0.1078125
0 0.8453125 0.31875 0.0453125 0.0734375
0 0.8078125 0.35546875 0.0515625 0.096875
0 0.86640625 0.24296875 0.04375 0.071875
0 0.915625 0.16015625 0.059375 0.1140625
0 0.01328125 0.84375 0.0265625 0.090625
0 0.55234375 0.79453125 0.06875 0.1171875
0 0.6453125 0.61171875 0.059375 0.146875
0 0.39140625 0.47265625 0.0625 0.10625
0 0.4453125 0.34140625 0.053125 0.0984375
0 0.52578125 0.6484375 0.090625 0.1390625
0 0.575 0.43984375 0.059375 0.109375
0 0.64140625 0.471875 0.059375 0.0890625
0 0.69609375 0.45234375 0.04375 0.0921875
0 0.18671875 0.06484375 0.0390625 0.0578125