0 0.6296875 0.6140625 0.1609375 0.109375
0 0.17734375 0.8921875 0.1015625 0.06875
0 0.11796875 0.7296875 0.103125 0.075
0 0.20390625 0.36328125 0.1015625 0.06875
0 0.3640625 0.38359375 0.11875 0.0859375
0 0.4109375 0.21953125 0.121875 0.0859375
0 0.31015625 0.28046875 0.1171875 0.0765625
0 0.26171875 0.19140625 0.0796875 0.0578125
0 0.30390625 0.221875 0.1046875 0.065625
0 0.18359375 0.18359375 0.078125 0.05625
0 0.09296875 0.15 0.121875 0.078125
0 0.92265625 0.91953125 0.09375 0.0421875
0 0.78125 0.39765625 0.128125 0.0875
0 0.58515625 0.3375 0.1546875 0.084375
0 0.4921875 0.61171875 0.115625 0.0796875
0 0.353125 0.58125 0.1046875 0.06875
0 0.64140625 0.44921875 0.153125 0.1140625
0 0.42734375 0.43671875 0.11875 0.078125
0 0.44765625 0.365625 0.096875 0.0734375
0 0.41875 0.31484375 0.096875 0.059375
0 0.12578125 0.884375 0.0625 0.046875