0 0.63046875 0.7484375 0.103125 0.1265625
0 0.5359375 0.4125 0.125 0.159375
0 0.6703125 0.55546875 0.121875 0.1828125
0 0.0734375 0.2296875 0.0828125 0.1
0 0.07421875 0.17421875 0.0625 0.0671875
0 0.409375 0.63984375 0.134375 0.1734375
0 0.49375 0.6796875 0.1109375 0.140625
0 0.56796875 0.628125 0.128125 0.175
0 0.62109375 0.4171875 0.103125 0.125
0 0.59765625 0.3328125 0.0921875 0.1109375
0 0.7671875 0.36171875 0.109375 0.1625
0 0.69296875 0.2625 0.0875 0.1375
0 0.75078125 0.25625 0.090625 0.140625
0 0.77265625 0.2140625 0.075 0.1046875
0 0.77109375 0.13359375 0.065625 0.0921875
0 0.38828125 0.48984375 0.0953125 0.128125
0 0.4171875 0.44375 0.0640625 0.071875
0 0.39765625 0.3578125 0.1 0.13125
0 0.21953125 0.1375 0.1015625 0.1296875
0 0.14140625 0.9640625 0.0609375 0.071875