0 0.41484375 0.35 0.1609375 0.1078125
0 0.9328125 0.234375 0.103125 0.0671875
0 0.93671875 0.40703125 0.103125 0.0734375
0 0.7359375 0.72578125 0.103125 0.0671875
0 0.590625 0.6546875 0.11875 0.0859375
0 0.49296875 0.79375 0.121875 0.084375
0 0.6078125 0.76875 0.1171875 0.0765625
0 0.625 0.86953125 0.0796875 0.05625
0 0.59453125 0.8265625 0.1046875 0.065625
0 0.696875 0.90234375 0.078125 0.0546875
0 0.76953125 0.9625 0.1234375 0.075
0 0.2015625 0.50546875 0.128125 0.0859375
0 0.36640625 0.62578125 0.15625 0.0828125
0 0.54375 0.39765625 0.115625 0.0796875
0 0.66484375 0.47109375 0.10625 0.0671875
0 0.34921875 0.50234375 0.153125 0.1125
0 0.54765625 0.5828125 0.11875 0.0765625
0 0.50546875 0.64375 0.096875 0.0734375
0 0.51640625 0.70078125 0.096875 0.0578125
0 0.9734375 0.2578125 0.053125 0.046875