0 0.9515625 0.3015625 0.096875 0.14375
0 0.08203125 0.3609375 0.0890625 0.1265625
0 0.06328125 0.5515625 0.0609375 0.0953125
0 0.1734375 0.74296875 0.10625 0.159375
0 0.3375 0.6421875 0.096875 0.1546875
0 0.0234375 0.584375 0.046875 0.125
0 0.08203125 0.62265625 0.0734375 0.103125
0 0.13984375 0.84296875 0.0671875 0.0984375
0 0.53984375 0.69609375 0.0890625 0.15
0 0.5640625 0.41640625 0.078125 0.11875
0 0.96171875 0.41953125 0.065625 0.0953125
0 0.89296875 0.74453125 0.0625 0.1296875
0 0.75078125 0.69296875 0.0421875 0.090625
0 0.2078125 0.50859375 0.0546875 0.1015625
0 0.3640625 0.50859375 0.0890625 0.1234375
0 0.61484375 0.359375 0.0703125 0.1078125
0 0.44609375 0.66796875 0.09375 0.14375
0 0.61328125 0.8125 0.053125 0.090625
0 0.71953125 0.83125 0.0671875 0.096875
0 0.7171875 0.67265625 0.040625 0.0765625
0 0.6515625 0.8359375 0.0765625 0.1171875
0 0.21953125 0.59296875 0.065625 0.1015625
0 0.17734375 0.60234375 0.0453125 0.0875
0 0.13828125 0.5859375 0.0484375 0.0828125
0 0.375 0.51171875 0.115625 0.146875
0 0.653125 0.43828125 0.0921875 0.13125
0 0.73046875 0.359375 0.0734375 0.1171875
0 0.1390625 0.8828125 0.1109375 0.1390625
0 0.02421875 0.4578125 0.0484375 0.134375
0 0.7734375 0.49296875 0.075 0.1234375
0 0.84609375 0.53359375 0.065625 0.1078125
0 0.93828125 0.51328125 0.04375 0.0921875
0 0.9734375 0.49765625 0.053125 0.0828125
0 0.89921875 0.48828125 0.0484375 0.075