0 0.96171875 0.4484375 0.0765625 0.165625
0 0.1453125 0.2390625 0.1265625 0.1515625
0 0.06875 0.4140625 0.0875 0.109375
0 0.11484375 0.6296875 0.1515625 0.1875
0 0.3015625 0.58515625 0.1421875 0.18125
0 0.03125 0.4328125 0.0625 0.134375
0 0.0640625 0.4875 0.103125 0.1234375
0 0.0515625 0.71484375 0.09375 0.1140625
0 0.4765625 0.6984375 0.134375 0.175
0 0.5859375 0.440625 0.1125 0.1390625
0 0.9578125 0.565625 0.084375 0.1125
0 0.7984375 0.85390625 0.1015625 0.1453125
0 0.678125 0.76015625 0.0671875 0.1
0 0.21953125 0.41796875 0.0859375 0.115625
0 0.3671875 0.46640625 0.125 0.1484375
0 0.65234375 0.4015625 0.1 0.125
0 0.396875 0.64296875 0.134375 0.1671875
0 0.5109375 0.83203125 0.0796875 0.1046875
0 0.60703125 0.8828125 0.09375 0.1125
0 0.653125 0.73125 0.0640625 0.0875
0 0.540625 0.865625 0.109375 0.1375
0 0.2046875 0.5015625 0.0953125 0.11875
0 0.16171875 0.4984375 0.0703125 0.0984375
0 0.1296875 0.4703125 0.0734375 0.09375
0 0.37734375 0.471875 0.15625 0.1765625
0 0.66484375 0.4890625 0.128125 0.1546875
0 0.7625 0.4375 0.10625 0.1359375
0 0.05625 0.7515625 0.1125 0.16875
0 0.0609375 0.31171875 0.0875 0.1453125
0 0.76171875 0.578125 0.1109375 0.14375
0 0.81875 0.6390625 0.096875 0.125
0 0.9125 0.6484375 0.0703125 0.1015625
0 0.95 0.64453125 0.0765625 0.0953125
0 0.88359375 0.61171875 0.0703125 0.0875