0 0.1984375 0.109375 0.153125 0.1109375
0 0.465625 0.9390625 0.1359375 0.1015625
0 0.65546875 0.9109375 0.1 0.0703125
0 0.81484375 0.7578125 0.1703125 0.121875
0 0.67734375 0.6234375 0.165625 0.1140625
0 0.6984375 0.946875 0.1296875 0.0703125
0 0.7203125 0.87578125 0.1109375 0.084375
0 0.9203125 0.76640625 0.1046875 0.075
0 0.68125 0.4140625 0.1578125 0.1046875
0 0.40390625 0.45859375 0.1265625 0.090625
0 0.31015625 0.07109375 0.1015625 0.075
0 0.6421875 0.059375 0.1359375 0.075
0 0.6265625 0.21015625 0.09375 0.05
0 0.57890625 0.78125 0.10625 0.0671875
0 0.54140625 0.6296875 0.1328125 0.1015625
0 0.3359375 0.42265625 0.1140625 0.08125
0 0.67578125 0.5125 0.153125 0.1078125
0 0.77578125 0.3140625 0.0953125 0.0625
0 0.76796875 0.20703125 0.1015625 0.075
0 0.61484375 0.24765625 0.0796875 0.0484375
0 0.7890625 0.27265625 0.125 0.0890625
0 0.65859375 0.75 0.1078125 0.0765625
0 0.678125 0.78828125 0.0921875 0.0546875
0 0.6703125 0.8296875 0.0859375 0.05625
0 0.54140625 0.61875 0.15625 0.1296875
0 0.403125 0.36640625 0.140625 0.103125
0 0.3078125 0.31015625 0.125 0.0859375
0 0.9421875 0.7578125 0.115625 0.125
0 0.57421875 0.96953125 0.1390625 0.0609375
0 0.42734375 0.2359375 0.13125 0.0875
0 0.44921875 0.15546875 0.1140625 0.0765625
0 0.40703125 0.07109375 0.096875 0.053125
0 0.384375 0.03984375 0.0859375 0.0625
0 0.3921875 0.115625 0.0796875 0.05625