0 0.2859375 0.0546875 0.153125 0.109375
0 0.37578125 0.921875 0.1359375 0.1015625
0 0.56640625 0.934375 0.1 0.0703125
0 0.75390625 0.8171875 0.1703125 0.121875
0 0.64765625 0.6578125 0.165625 0.1140625
0 0.60078125 0.97109375 0.1296875 0.0578125
0 0.6375 0.91328125 0.1109375 0.084375
0 0.85546875 0.84765625 0.1046875 0.075
0 0.6953125 0.45390625 0.1578125 0.1046875
0 0.41484375 0.4390625 0.1265625 0.090625
0 0.40390625 0.04140625 0.1015625 0.075
0 0.73046875 0.0984375 0.1359375 0.075
0 0.684375 0.24296875 0.09375 0.05
0 0.51875 0.7921875 0.10625 0.0671875
0 0.51328125 0.6359375 0.1328125 0.1015625
0 0.35546875 0.390625 0.1140625 0.08125
0 0.66953125 0.5484375 0.153125 0.1078125
0 0.80859375 0.375 0.0953125 0.0625
0 0.82265625 0.26953125 0.1015625 0.075
0 0.66484375 0.2765625 0.0796875 0.0484375
0 0.8296875 0.3375 0.125 0.0890625
0 0.603125 0.77734375 0.1078125 0.0765625
0 0.6140625 0.81953125 0.0921875 0.0546875
0 0.5984375 0.85859375 0.0859375 0.05625
0 0.515625 0.625 0.15625 0.1296875
0 0.43359375 0.34921875 0.140625 0.103125
0 0.3515625 0.275 0.125 0.0859375
0 0.8953125 0.84765625 0.15 0.125
0 0.47421875 0.971875 0.1390625 0.05625
0 0.48359375 0.2265625 0.13125 0.0875
0 0.521875 0.15234375 0.1140625 0.0765625
0 0.4984375 0.06171875 0.096875 0.053125
0 0.48203125 0.028125 0.0859375 0.05625
0 0.47421875 0.1015625 0.0796875 0.05625