0 0.0484375 0.69453125 0.096875 0.215625
0 0.17578125 0.7890625 0.096875 0.1453125
0 0.31796875 0.7140625 0.084375 0.1640625
0 0.39375 0.75234375 0.071875 0.115625
0 0.17734375 0.5921875 0.103125 0.153125
0 0.48828125 0.653125 0.065625 0.103125
0 0.4703125 0.74375 0.0875 0.140625
0 0.53515625 0.634375 0.06875 0.128125
0 0.56953125 0.58828125 0.046875 0.09375
0 0.64609375 0.590625 0.065625 0.1
0 0.7375 0.6265625 0.0625 0.125
0 0.78515625 0.571875 0.05625 0.1203125
0 0.8359375 0.58203125 0.0390625 0.0921875
0 0.76640625 0.4421875 0.046875 0.06875
0 0.8859375 0.43203125 0.05625 0.0859375
0 0.94140625 0.4234375 0.059375 0.096875
0 0.8171875 0.44609375 0.0375 0.0671875