0 0.65390625 0.946875 0.2359375 0.10625
0 0.759375 0.84765625 0.1640625 0.1265625
0 0.69765625 0.7 0.1828125 0.1203125
0 0.7421875 0.628125 0.13125 0.096875
0 0.5640625 0.8296875 0.175 0.1375
0 0.6515625 0.525 0.11875 0.0890625
0 0.740625 0.55078125 0.1609375 0.11875
0 0.63671875 0.4765625 0.14375 0.0984375
0 0.59453125 0.43828125 0.1046875 0.0671875
0 0.603125 0.3625 0.1140625 0.0875
0 0.646875 0.27421875 0.1390625 0.0890625
0 0.59609375 0.221875 0.1296875 0.0828125
0 0.6109375 0.17265625 0.1 0.0578125
0 0.465625 0.2296875 0.0796875 0.0625
0 0.46640625 0.109375 0.0984375 0.075
0 0.4625 0.053125 0.109375 0.0796875
0 0.47421875 0.1796875 0.075 0.053125