0 0.0484375 0.51484375 0.096875 0.2421875
0 0.090625 0.646875 0.1515625 0.1796875
0 0.25078125 0.63046875 0.146875 0.1953125
0 0.30703125 0.69453125 0.1140625 0.1421875
0 0.165625 0.46484375 0.1609375 0.1921875
0 0.43203125 0.63828125 0.1046875 0.1265625
0 0.38125 0.71484375 0.1390625 0.1734375
0 0.48203125 0.63828125 0.1171875 0.153125
0 0.53203125 0.6078125 0.0828125 0.1109375
0 0.6015625 0.63828125 0.103125 0.1234375
0 0.67265625 0.70625 0.109375 0.1484375
0 0.7375 0.6734375 0.1 0.140625
0 0.78125 0.7015625 0.071875 0.1046875
0 0.76875 0.546875 0.071875 0.0859375
0 0.8828125 0.58203125 0.0890625 0.10625
0 0.9375 0.59453125 0.0953125 0.1203125
0 0.8140625 0.56875 0.0625 0.0796875