0 0.04375 0.5875 0.0875 0.23125
0 0.11875 0.70859375 0.1265625 0.1640625
0 0.27421875 0.66796875 0.11875 0.178125
0 0.33984375 0.721875 0.0953125 0.128125
0 0.16484375 0.5171875 0.134375 0.171875
0 0.45390625 0.646875 0.0875 0.115625
0 0.41640625 0.73046875 0.1171875 0.15625
0 0.50390625 0.6390625 0.0953125 0.140625
0 0.54765625 0.6015625 0.0671875 0.1015625
0 0.621875 0.62109375 0.0859375 0.1125
0 0.703125 0.6765625 0.0890625 0.1359375
0 0.76171875 0.634375 0.08125 0.1296875
0 0.80859375 0.65546875 0.059375 0.0984375
0 0.77265625 0.50390625 0.0609375 0.078125
0 0.89140625 0.5203125 0.0734375 0.096875
0 0.94765625 0.525 0.0796875 0.1078125
0 0.82109375 0.51875 0.0515625 0.0734375