0 0.0703125 0.68046875 0.1296875 0.24375
0 0.17109375 0.78359375 0.153125 0.18125
0 0.3140625 0.7109375 0.1484375 0.196875
0 0.38984375 0.75078125 0.1171875 0.14375
0 0.17578125 0.58671875 0.1625 0.19375
0 0.4859375 0.653125 0.10625 0.128125
0 0.46640625 0.74296875 0.1421875 0.175
0 0.5328125 0.63515625 0.11875 0.1546875
0 0.56796875 0.5890625 0.084375 0.1125
0 0.64453125 0.59296875 0.1046875 0.125
0 0.7359375 0.63125 0.1125 0.15
0 0.78359375 0.5765625 0.103125 0.140625
0 0.834375 0.5875 0.0734375 0.10625
0 0.7671875 0.446875 0.0734375 0.0859375
0 0.88671875 0.4390625 0.090625 0.1078125
0 0.94296875 0.43125 0.096875 0.1203125
0 0.81796875 0.4515625 0.0625 0.0796875