0 0.4125 0.2609375 0.115625 0.0734375
0 0.3734375 0.3140625 0.13125 0.0984375
0 0.303125 0.309375 0.08125 0.0734375
0 0.41796875 0.4609375 0.128125 0.1015625
0 0.16796875 0.315625 0.1 0.065625
0 0.12109375 0.2859375 0.0640625 0.053125
0 0.1125 0.33046875 0.0625 0.0703125
0 0.1765625 0.85546875 0.1671875 0.1109375
0 0.20390625 0.97890625 0.1734375 0.0421875
0 0.684375 0.92890625 0.1296875 0.075
0 0.62265625 0.9578125 0.1078125 0.0640625
0 0.49375 0.98203125 0.128125 0.0359375
0 0.315625 0.54765625 0.1515625 0.10625
0 0.43125 0.4578125 0.121875 0.0765625
0 0.59453125 0.31640625 0.1 0.0640625
0 0.496875 0.325 0.0859375 0.0546875
0 0.48984375 0.37734375 0.10625 0.0640625