0 0.37734375 0.3171875 0.1046875 0.1171875
0 0.33203125 0.4078125 0.071875 0.0984375
0 0.28203125 0.4203125 0.09375 0.109375
0 0.22734375 0.453125 0.0875 0.10625
0 0.25546875 0.51171875 0.1046875 0.121875
0 0.21328125 0.571875 0.078125 0.084375
0 0.2203125 0.51953125 0.0578125 0.0671875
0 0.14765625 0.6859375 0.071875 0.0921875
0 0.09375 0.72265625 0.0625 0.078125
0 0.42421875 0.66796875 0.1109375 0.1484375
0 0.4015625 0.5453125 0.1 0.1296875
0 0.36953125 0.43828125 0.075 0.08125
0 0.56796875 0.74296875 0.1328125 0.178125
0 0.6203125 0.91953125 0.128125 0.1609375
0 0.7765625 0.94765625 0.128125 0.1046875
0 0.90390625 0.715625 0.0796875 0.134375
0 0.95234375 0.5234375 0.0875 0.11875
0 0.93046875 0.5984375 0.0828125 0.0984375