0 0.24609375 0.5046875 0.0640625 0.1109375
0 0.2828125 0.559375 0.0890625 0.125
0 0.25546875 0.6234375 0.0671875 0.0765625
0 0.43671875 0.56484375 0.0921875 0.1234375
0 0.21796875 0.75390625 0.059375 0.0953125
0 0.17421875 0.78828125 0.0484375 0.0609375
0 0.21328125 0.8109375 0.065625 0.05625
0 0.73046875 0.9203125 0.0953125 0.159375
0 0.896875 0.93125 0.109375 0.1375
0 0.965625 0.465625 0.065625 0.125
0 0.97265625 0.53359375 0.0546875 0.103125
0 0.96640625 0.665625 0.0484375 0.125
0 0.48515625 0.690625 0.09375 0.14375
0 0.4375 0.5515625 0.0671875 0.1171875
0 0.3578125 0.35078125 0.05625 0.0953125
0 0.33359375 0.446875 0.0484375 0.0828125
0 0.38125 0.46953125 0.0546875 0.1015625