0 0.33671875 0.35234375 0.0890625 0.1046875
0 0.31484375 0.45078125 0.0578125 0.090625
0 0.26953125 0.475 0.078125 0.0984375
0 0.22421875 0.5203125 0.071875 0.0953125
0 0.265625 0.57109375 0.0875 0.109375
0 0.2390625 0.6390625 0.0671875 0.075
0 0.23359375 0.58671875 0.0484375 0.0609375
0 0.203125 0.765625 0.059375 0.084375
0 0.16015625 0.8140625 0.0515625 0.071875
0 0.4671875 0.68125 0.090625 0.1359375
0 0.415625 0.56796875 0.0828125 0.11875
0 0.35859375 0.471875 0.0640625 0.071875
0 0.625 0.71953125 0.1078125 0.1640625
0 0.7203125 0.8859375 0.103125 0.1625
0 0.884375 0.8953125 0.10625 0.1453125
0 0.94375 0.6109375 0.059375 0.1265625
0 0.94453125 0.41328125 0.0703125 0.109375
0 0.94140625 0.49140625 0.0703125 0.0875