0 0.31640625 0.36328125 0.1046875 0.1203125
0 0.30546875 0.4640625 0.071875 0.1
0 0.26328125 0.4953125 0.0921875 0.1109375
0 0.225 0.546875 0.0859375 0.1078125
0 0.271875 0.59140625 0.1046875 0.125
0 0.253125 0.66328125 0.078125 0.0875
0 0.2421875 0.6125 0.0578125 0.06875
0 0.23125 0.7953125 0.0734375 0.09375
0 0.1953125 0.85078125 0.0625 0.0796875
0 0.4828125 0.67109375 0.109375 0.15
0 0.41953125 0.565625 0.1015625 0.1328125
0 0.35078125 0.47890625 0.075 0.0828125
0 0.64296875 0.68515625 0.13125 0.18125
0 0.75703125 0.8359375 0.1265625 0.1796875
0 0.91875 0.81796875 0.125 0.153125
0 0.94453125 0.53046875 0.078125 0.1359375
0 0.921875 0.334375 0.0859375 0.1203125
0 0.92890625 0.41171875 0.0828125 0.1