0 0.271875 0.61171875 0.084375 0.1203125
0 0.328125 0.6453125 0.109375 0.1390625
0 0.33046875 0.71484375 0.0796875 0.0875
0 0.4703125 0.58515625 0.1125 0.1359375
0 0.3515625 0.84921875 0.075 0.1046875
0 0.3265625 0.8984375 0.059375 0.0703125
0 0.371875 0.903125 0.075 0.06875
0 0.88671875 0.784375 0.125 0.175
0 0.98984375 0.73984375 0.0203125 0.1765625
0 0.9078125 0.271875 0.0875 0.134375
0 0.9421875 0.33125 0.0734375 0.1125
0 0.97734375 0.45390625 0.0453125 0.1296875
0 0.5671875 0.67890625 0.1203125 0.159375
0 0.46484375 0.57265625 0.0859375 0.1265625
0 0.30859375 0.425 0.0734375 0.1046875
0 0.3265625 0.521875 0.0625 0.0890625
0 0.3796875 0.52265625 0.0734375 0.1109375