0 0.253125 0.55703125 0.0640625 0.1109375
0 0.3 0.603125 0.0875 0.125
0 0.28671875 0.67109375 0.0671875 0.0765625
0 0.4515625 0.5765625 0.090625 0.121875
0 0.2765625 0.80703125 0.0578125 0.096875
0 0.24140625 0.84921875 0.05 0.0625
0 0.284375 0.8640625 0.065625 0.0578125
0 0.81328125 0.8640625 0.096875 0.1609375
0 0.9609375 0.85234375 0.06875 0.16875
0 0.9484375 0.36953125 0.0640625 0.125
0 0.96953125 0.434375 0.0546875 0.1046875
0 0.9828125 0.56484375 0.034375 0.125
0 0.525 0.68984375 0.0953125 0.1453125
0 0.45 0.56328125 0.065625 0.1171875
0 0.33046875 0.38359375 0.05625 0.096875
0 0.32578125 0.48203125 0.0484375 0.0828125
0 0.37734375 0.49453125 0.0546875 0.103125