0 0.3421875 0.346875 0.0859375 0.1015625
0 0.31640625 0.44453125 0.0546875 0.0890625
0 0.2703125 0.4671875 0.075 0.0953125
0 0.2234375 0.5109375 0.06875 0.09375
0 0.26328125 0.5625 0.084375 0.10625
0 0.234375 0.6296875 0.0640625 0.0734375
0 0.23046875 0.57734375 0.046875 0.059375
0 0.19375 0.75546875 0.05625 0.0828125
0 0.14921875 0.80234375 0.0484375 0.0703125
0 0.4609375 0.6796875 0.0859375 0.1328125
0 0.41328125 0.56484375 0.078125 0.115625
0 0.359375 0.4671875 0.0609375 0.0703125
0 0.6171875 0.7234375 0.1015625 0.1609375
0 0.70703125 0.89375 0.096875 0.159375
0 0.8703125 0.90859375 0.1015625 0.1421875
0 0.93984375 0.6265625 0.0546875 0.125
0 0.94765625 0.42890625 0.0671875 0.1078125
0 0.94140625 0.50703125 0.0671875 0.0859375