0 0.10546875 0.709375 0.1 0.175
0 0.05234375 0.73125 0.0890625 0.1546875
0 0.103125 0.48203125 0.0734375 0.1328125
0 0.23671875 0.42421875 0.10625 0.15625
0 0.35390625 0.52109375 0.0875 0.153125
0 0.278125 0.5375 0.0671875 0.140625
0 0.42109375 0.521875 0.0765625 0.15
0 0.634375 0.4828125 0.05625 0.1375
0 0.6953125 0.50703125 0.103125 0.140625
0 0.73984375 0.45078125 0.0953125 0.1484375
0 0.93671875 0.4609375 0.084375 0.14375
0 0.8796875 0.6515625 0.084375 0.1796875
0 0.9671875 0.70234375 0.05625 0.178125