0 0.0953125 0.68828125 0.109375 0.1796875
0 0.04453125 0.7078125 0.0890625 0.159375
0 0.1046875 0.4609375 0.0796875 0.1359375
0 0.24140625 0.41015625 0.1140625 0.1609375
0 0.353125 0.51328125 0.0953125 0.1578125
0 0.2765625 0.52578125 0.075 0.14375
0 0.4203125 0.51796875 0.0828125 0.153125
0 0.63515625 0.48984375 0.0640625 0.140625
0 0.69453125 0.5171875 0.1109375 0.1453125
0 0.7421875 0.46328125 0.103125 0.1546875
0 0.93828125 0.48359375 0.0921875 0.1484375
0 0.87109375 0.67109375 0.09375 0.1859375
0 0.95625 0.7265625 0.065625 0.18125