0 0.07734375 0.6453125 0.1265625 0.1890625
0 0.0390625 0.65859375 0.078125 0.1671875
0 0.1109375 0.4203125 0.09375 0.1421875
0 0.2515625 0.38359375 0.1296875 0.1703125
0 0.35234375 0.49765625 0.1109375 0.165625
0 0.275 0.50234375 0.0890625 0.15
0 0.41875 0.509375 0.0984375 0.159375
0 0.63515625 0.50390625 0.0765625 0.1453125
0 0.6921875 0.5375 0.1234375 0.1546875
0 0.74453125 0.4890625 0.1171875 0.1609375
0 0.9375 0.5296875 0.10625 0.1546875
0 0.8515625 0.709375 0.1109375 0.190625
0 0.9296875 0.77265625 0.0828125 0.184375