0 0.74296875 0.58984375 0.1 0.14375
0 0.60546875 0.54921875 0.1078125 0.1734375
0 0.284375 0.4296875 0.1453125 0.1765625
0 0.1328125 0.60546875 0.128125 0.1859375
0 0.90390625 0.76796875 0.11875 0.1953125
0 0.94921875 0.8109375 0.1015625 0.16875
0 0.92265625 0.56171875 0.10625 0.1390625
0 0.80234375 0.4765625 0.1390625 0.1796875
0 0.6765625 0.57265625 0.134375 0.1984375
0 0.3265625 0.50078125 0.1390625 0.1859375
0 0.3984375 0.48359375 0.096875 0.16875
0 0.06484375 0.6265625 0.071875 0.1796875
0 0.09296875 0.41171875 0.121875 0.1609375