0 0.246875 0.90078125 0.09375 0.115625
0 0.1765625 0.8953125 0.09375 0.125
0 0.2734375 0.746875 0.05 0.078125
0 0.35390625 0.671875 0.0546875 0.065625
0 0.49453125 0.77734375 0.05625 0.084375
0 0.446875 0.73125 0.0703125 0.0984375
0 0.46171875 0.82265625 0.0671875 0.08125
0 0.32265625 0.77109375 0.0625 0.090625
0 0.2765625 0.8109375 0.065625 0.0921875
0 0.134375 0.78046875 0.0765625 0.0953125
0 0.35703125 0.878125 0.0765625 0.24375
0 0.18828125 0.61640625 0.0875 0.0828125
0 0.53828125 0.7546875 0.065625 0.1078125
0 0.59765625 0.7453125 0.059375 0.0890625
0 0.65390625 0.765625 0.0578125 0.0859375
0 0.67421875 0.76171875 0.05625 0.1109375
0 0.68671875 0.64453125 0.053125 0.06875
0 0.74765625 0.6796875 0.0421875 0.053125
0 0.9171875 0.665625 0.046875 0.05625
0 0.98671875 0.58828125 0.0265625 0.0359375
0 0.98046875 0.60625 0.034375 0.034375
0 0.7140625 0.771875 0.04375 0.0609375
0 0.43359375 0.59375 0.0671875 0.084375