0 0.2 0.8671875 0.08125 0.1078125
0 0.13046875 0.853125 0.08125 0.1171875
0 0.2453125 0.7171875 0.0421875 0.075
0 0.334375 0.65234375 0.05 0.0609375
0 0.46015625 0.77421875 0.046875 0.0828125
0 0.41953125 0.7234375 0.0609375 0.0921875
0 0.42265625 0.815625 0.059375 0.0765625
0 0.290625 0.746875 0.053125 0.0859375
0 0.23984375 0.78125 0.0578125 0.0875
0 0.103125 0.73359375 0.0671875 0.090625
0 0.31171875 0.85859375 0.0484375 0.2453125
0 0.1765625 0.57734375 0.08125 0.075
0 0.50703125 0.75703125 0.0546875 0.1046875
0 0.5671875 0.75546875 0.0515625 0.084375
0 0.62109375 0.78203125 0.0484375 0.0828125
0 0.64140625 0.78046875 0.04375 0.109375
0 0.6671875 0.66640625 0.046875 0.065625
0 0.7234375 0.70859375 0.0375 0.0484375
0 0.89375 0.71484375 0.040625 0.053125
0 0.9765625 0.64765625 0.03125 0.0328125
0 0.9640625 0.6640625 0.03125 0.03125
0 0.6796875 0.79609375 0.0375 0.05625
0 0.42265625 0.58515625 0.0578125 0.078125