0 0.10078125 0.75625 0.0984375 0.11875
0 0.04453125 0.72109375 0.0890625 0.1265625
0 0.190625 0.628125 0.053125 0.078125
0 0.2953125 0.59375 0.05625 0.0671875
0 0.37734375 0.74921875 0.059375 0.0859375
0 0.35390625 0.6875 0.075 0.1
0 0.32890625 0.7765625 0.0703125 0.0828125
0 0.225 0.6703125 0.065625 0.0921875
0 0.165625 0.6875 0.06875 0.09375
0 0.05 0.59921875 0.0796875 0.0984375
0 0.21015625 0.7828125 0.0890625 0.24375
0 0.16875 0.4734375 0.090625 0.0859375
0 0.42734375 0.746875 0.0703125 0.1078125
0 0.48515625 0.76328125 0.0640625 0.0890625
0 0.52734375 0.80546875 0.0625 0.0875
0 0.54765625 0.81015625 0.0609375 0.1125
0 0.6078125 0.709375 0.05625 0.0703125
0 0.6484375 0.7671875 0.0453125 0.053125
0 0.80859375 0.8265625 0.0484375 0.0578125
0 0.90703125 0.7875 0.0359375 0.0375
0 0.890625 0.79921875 0.0359375 0.0359375
0 0.5796875 0.83671875 0.046875 0.0609375
0 0.4 0.55703125 0.0703125 0.0859375