0 0.23984375 0.89609375 0.0953125 0.1171875
0 0.16953125 0.88984375 0.0953125 0.1265625
0 0.26953125 0.74296875 0.0515625 0.0796875
0 0.35078125 0.66953125 0.05625 0.0671875
0 0.48984375 0.77734375 0.0578125 0.0859375
0 0.44296875 0.73046875 0.071875 0.1
0 0.45625 0.821875 0.06875 0.0828125
0 0.31796875 0.76796875 0.0640625 0.0921875
0 0.27109375 0.80703125 0.0671875 0.09375
0 0.1296875 0.77421875 0.078125 0.096875
0 0.35078125 0.87578125 0.08125 0.2453125
0 0.1859375 0.6109375 0.0890625 0.084375
0 0.53359375 0.75546875 0.0671875 0.109375
0 0.59375 0.746875 0.0609375 0.090625
0 0.64921875 0.76796875 0.059375 0.0875
0 0.66953125 0.76484375 0.0578125 0.1125
0 0.684375 0.64765625 0.0546875 0.0703125
0 0.74453125 0.68359375 0.04375 0.053125
0 0.9140625 0.67265625 0.0484375 0.0578125
0 0.98515625 0.596875 0.0265625 0.0359375
0 0.97890625 0.61484375 0.034375 0.034375
0 0.709375 0.77578125 0.0453125 0.0609375
0 0.43203125 0.5921875 0.06875 0.0859375