0 0.49296875 0.7828125 0.0734375 0.0890625
0 0.8046875 0.90703125 0.0546875 0.0640625
0 0.8109375 0.87578125 0.05 0.053125
0 0.07421875 0.56484375 0.084375 0.09375
0 0.06015625 0.69765625 0.10625 0.1359375
0 0.11796875 0.73046875 0.10625 0.1265625
0 0.18359375 0.66953125 0.0828125 0.0984375
0 0.21484375 0.615625 0.06875 0.0875
0 0.240625 0.65859375 0.0734375 0.0921875
0 0.25390625 0.696875 0.0859375 0.109375
0 0.31484375 0.58671875 0.06875 0.0828125
0 0.42265625 0.56015625 0.0890625 0.09375
0 0.3703125 0.6921875 0.096875 0.115625
0 0.34453125 0.77265625 0.078125 0.0984375
0 0.38828125 0.75546875 0.078125 0.1015625
0 0.43515625 0.76171875 0.0921875 0.1140625
0 0.53046875 0.828125 0.0828125 0.0984375
0 0.55390625 0.83671875 0.0703125 0.1078125
0 0.5828125 0.86796875 0.065625 0.0796875
0 0.61640625 0.7390625 0.0640625 0.0703125
0 0.65546875 0.8046875 0.0546875 0.065625
0 0.90078125 0.8703125 0.0296875 0.034375
0 0.91015625 0.846875 0.0359375 0.040625