0 0.34296875 0.93984375 0.1171875 0.1203125
0 0.2734375 0.94296875 0.11875 0.1140625
0 0.33515625 0.79140625 0.065625 0.0875
0 0.39609375 0.7 0.06875 0.0765625
0 0.55703125 0.77109375 0.0734375 0.0953125
0 0.5 0.7375 0.090625 0.1125
0 0.53515625 0.82265625 0.084375 0.09375
0 0.38828125 0.80390625 0.08125 0.103125
0 0.35234375 0.853125 0.084375 0.1046875
0 0.20703125 0.85546875 0.0953125 0.109375
0 0.44609375 0.88671875 0.1296875 0.2265625
0 0.22265625 0.68359375 0.103125 0.1
0 0.59453125 0.73984375 0.0875 0.1203125
0 0.65 0.7171875 0.078125 0.1
0 0.709375 0.72421875 0.075 0.096875
0 0.72890625 0.715625 0.0796875 0.1203125
0 0.7140625 0.5984375 0.0671875 0.0796875
0 0.78203125 0.61953125 0.053125 0.0609375
0 0.94375 0.5671875 0.0578125 0.065625
0 0.98828125 0.4765625 0.0234375 0.040625
0 0.9859375 0.4953125 0.028125 0.040625
0 0.76953125 0.71640625 0.05625 0.06875
0 0.45625 0.60625 0.084375 0.096875