0 0.6671875 0.6390625 0.0671875 0.0671875
0 0.70703125 0.5890625 0.0609375 0.0859375
0 0.6703125 0.56875 0.109375 0.1359375
0 0.57890625 0.56953125 0.1015625 0.1359375
0 0.49765625 0.5734375 0.1078125 0.1421875
0 0.484375 0.36875 0.15 0.1796875
0 0.36171875 0.34375 0.1546875 0.19375
0 0.31328125 0.66328125 0.1484375 0.1921875
0 0.96953125 0.4328125 0.034375 0.0484375
0 0.934375 0.43203125 0.040625 0.0515625
0 0.9078125 0.45390625 0.034375 0.046875
0 0.87578125 0.47109375 0.0328125 0.040625
0 0.85625 0.54375 0.065625 0.0765625
0 0.67265625 0.37890625 0.0921875 0.1359375