0 0.415625 0.4 0.0578125 0.1046875
0 0.5046875 0.4859375 0.05625 0.096875
0 0.5609375 0.4984375 0.0515625 0.09375
0 0.715625 0.51875 0.046875 0.09375
0 0.68828125 0.58125 0.046875 0.0890625
0 0.66328125 0.50859375 0.034375 0.078125
0 0.02265625 0.603125 0.0375 0.084375
0 0.11875 0.70859375 0.0453125 0.0984375
0 0.1484375 0.6859375 0.0453125 0.0734375
0 0.3921875 0.64140625 0.0484375 0.0890625
0 0.48359375 0.52890625 0.0453125 0.0984375
0 0.61171875 0.634375 0.04375 0.0765625
0 0.31171875 0.81796875 0.05 0.090625
0 0.2953125 0.70703125 0.028125 0.0609375
0 0.484375 0.92109375 0.0390625 0.0765625
0 0.8234375 0.91015625 0.025 0.040625
0 0.915625 0.3484375 0.0578125 0.1140625
0 0.240625 0.8109375 0.053125 0.09375
0 0.634375 0.63125 0.040625 0.0734375
0 0.83359375 0.66484375 0.0515625 0.0875