0 0.0421875 0.6828125 0.04375 0.0921875
0 0.14296875 0.7734375 0.0671875 0.1046875
0 0.16796875 0.73359375 0.0640625 0.0984375
0 0.275 0.8421875 0.0765625 0.11875
0 0.34453125 0.834375 0.0734375 0.11875
0 0.39765625 0.64140625 0.0765625 0.11875
0 0.38671875 0.39296875 0.08125 0.1203125
0 0.490625 0.46171875 0.0765625 0.11875
0 0.47578125 0.51171875 0.0796875 0.11875
0 0.5453125 0.45859375 0.0765625 0.1203125
0 0.64296875 0.44921875 0.0609375 0.1015625
0 0.69453125 0.4515625 0.078125 0.125
0 0.67578125 0.51640625 0.0796875 0.115625
0 0.6078125 0.584375 0.06875 0.096875
0 0.6390625 0.58203125 0.05625 0.084375
0 0.86484375 0.24453125 0.09375 0.1375
0 0.8515625 0.81875 0.0390625 0.05625
0 0.76484375 0.82890625 0.0375 0.05625
0 0.52421875 0.8984375 0.059375 0.084375
0 0.3109375 0.725 0.05 0.075
0 0.81484375 0.40546875 0.0625 0.0828125