0 0.3796875 0.55078125 0.1078125 0.0671875
0 0.48828125 0.49140625 0.1 0.0640625
0 0.515625 0.440625 0.096875 0.059375
0 0.58125 0.29921875 0.096875 0.0546875
0 0.6328125 0.34296875 0.0953125 0.0546875
0 0.55625 0.346875 0.0796875 0.0390625
0 0.45859375 0.98203125 0.0859375 0.0359375
0 0.58828125 0.925 0.1 0.053125
0 0.575 0.890625 0.0765625 0.05
0 0.60390625 0.64453125 0.0921875 0.0546875
0 0.5234375 0.52421875 0.1 0.053125
0 0.6609375 0.4328125 0.078125 0.0484375
0 0.74921875 0.77265625 0.0953125 0.0578125
0 0.63828125 0.75625 0.0625 0.034375
0 0.8984375 0.63828125 0.078125 0.04375
0 0.98203125 0.3109375 0.0359375 0.028125
0 0.4765625 0.05859375 0.1171875 0.0671875
0 0.72109375 0.8390625 0.096875 0.059375
0 0.66484375 0.409375 0.075 0.0453125
0 0.75546875 0.22890625 0.0890625 0.059375