0 0.425 0.39296875 0.0484375 0.1015625
0 0.50625 0.48671875 0.0484375 0.09375
0 0.5609375 0.50390625 0.04375 0.0890625
0 0.71328125 0.5375 0.0390625 0.090625
0 0.68046875 0.59765625 0.0390625 0.0859375
0 0.6625 0.52265625 0.028125 0.075
0 0.015625 0.5609375 0.03125 0.08125
0 0.10234375 0.675 0.0375 0.0953125
0 0.13359375 0.6546875 0.0390625 0.0703125
0 0.38046875 0.63203125 0.040625 0.0859375
0 0.48125 0.52734375 0.0375 0.0953125
0 0.59921875 0.64375 0.0375 0.0734375
0 0.28515625 0.80078125 0.0421875 0.0875
0 0.278125 0.68828125 0.0234375 0.059375
0 0.44765625 0.91796875 0.0328125 0.0734375
0 0.78671875 0.93671875 0.0203125 0.0390625
0 0.92734375 0.38515625 0.0484375 0.1109375
0 0.2140625 0.78671875 0.0453125 0.0890625
0 0.62265625 0.6421875 0.034375 0.0703125
0 0.81796875 0.69375 0.0453125 0.0828125