0 0.38359375 0.559375 0.1046875 0.059375
0 0.4875 0.4921875 0.096875 0.0578125
0 0.51171875 0.43984375 0.09375 0.053125
0 0.5671875 0.29375 0.09375 0.0484375
0 0.621875 0.334375 0.0921875 0.0484375
0 0.5453125 0.34296875 0.078125 0.034375
0 0.4921875 0.984375 0.084375 0.03125
0 0.61796875 0.91796875 0.096875 0.046875
0 0.60234375 0.884375 0.0734375 0.0453125
0 0.6140625 0.63671875 0.0890625 0.0484375
0 0.525 0.52265625 0.096875 0.046875
0 0.65625 0.421875 0.075 0.04375
0 0.76796875 0.7546875 0.0921875 0.0515625
0 0.65546875 0.74609375 0.0609375 0.0296875
0 0.90703125 0.61015625 0.075 0.0390625
0 0.971875 0.27734375 0.040625 0.025
0 0.44609375 0.0609375 0.1140625 0.059375
0 0.74453125 0.82265625 0.09375 0.053125
0 0.6578125 0.3984375 0.071875 0.040625
0 0.7359375 0.21171875 0.0859375 0.053125