0 0.3765625 0.54296875 0.1125 0.0734375
0 0.4890625 0.490625 0.1046875 0.0703125
0 0.5203125 0.4421875 0.1 0.065625
0 0.5953125 0.30546875 0.1 0.0609375
0 0.64375 0.353125 0.0984375 0.0609375
0 0.56640625 0.35078125 0.0828125 0.0453125
0 0.425 0.97890625 0.0875 0.0421875
0 0.55859375 0.93046875 0.103125 0.059375
0 0.54765625 0.89453125 0.0796875 0.0546875
0 0.59375 0.6515625 0.0953125 0.0609375
0 0.521875 0.52578125 0.103125 0.059375
0 0.665625 0.44453125 0.0796875 0.053125
0 0.7296875 0.78984375 0.0984375 0.0640625
0 0.61953125 0.765625 0.0640625 0.0375
0 0.8875 0.665625 0.0796875 0.0484375
0 0.98828125 0.34453125 0.0234375 0.0296875
0 0.5078125 0.0578125 0.121875 0.075
0 0.696875 0.85390625 0.1 0.065625
0 0.6703125 0.42109375 0.0765625 0.05
0 0.7734375 0.24765625 0.0921875 0.0640625