0 0.00703125 0.47265625 0.0140625 0.0921875
0 0.0421875 0.59765625 0.0625 0.1046875
0 0.08203125 0.57265625 0.0609375 0.0984375
0 0.12890625 0.71875 0.0703125 0.1171875
0 0.19375 0.7390625 0.06875 0.1203125
0 0.32734375 0.5859375 0.071875 0.1171875
0 0.428125 0.3546875 0.0765625 0.1171875
0 0.48984375 0.4609375 0.071875 0.1171875
0 0.45390625 0.5015625 0.0734375 0.1171875
0 0.53984375 0.48125 0.0703125 0.11875
0 0.63046875 0.51484375 0.05625 0.103125
0 0.675 0.5390625 0.071875 0.1234375
0 0.6296875 0.58984375 0.0765625 0.1125
0 0.5390625 0.62265625 0.0640625 0.0953125
0 0.5671875 0.63359375 0.053125 0.0828125
0 0.91796875 0.421875 0.0890625 0.134375
0 0.64921875 0.940625 0.0359375 0.0546875
0 0.56796875 0.9125 0.034375 0.0546875
0 0.32421875 0.8734375 0.0578125 0.084375
0 0.21328125 0.6265625 0.0453125 0.075
0 0.80234375 0.546875 0.059375 0.0828125