0 0.4265625 0.390625 0.084375 0.11875
0 0.50625 0.48671875 0.08125 0.1109375
0 0.5609375 0.5046875 0.075 0.1046875
0 0.7125 0.54140625 0.071875 0.10625
0 0.67890625 0.60078125 0.0703125 0.1015625
0 0.6609375 0.52578125 0.053125 0.084375
0 0.021875 0.5515625 0.04375 0.090625
0 0.09921875 0.66796875 0.0703125 0.10625
0 0.13125 0.6484375 0.0640625 0.0828125
0 0.378125 0.6296875 0.0703125 0.1
0 0.48046875 0.52734375 0.0703125 0.10625
0 0.596875 0.6453125 0.0625 0.0859375
0 0.2796875 0.796875 0.0734375 0.103125
0 0.275 0.684375 0.04375 0.0671875
0 0.440625 0.9171875 0.0578125 0.0828125
0 0.77890625 0.94140625 0.0359375 0.046875
0 0.92890625 0.39296875 0.0875 0.1265625
0 0.209375 0.78203125 0.0765625 0.1046875
0 0.6203125 0.64453125 0.0578125 0.08125
0 0.81484375 0.69921875 0.0734375 0.096875