0 0.7953125 0.790625 0.253125 0.2125
0 0.50234375 0.87578125 0.2359375 0.1953125
0 0.375 0.9109375 0.1265625 0.159375
0 0.60390625 0.34375 0.23125 0.2046875
0 0.740625 0.07265625 0.271875 0.1328125
0 0.77109375 0.39375 0.1421875 0.134375
0 0.77734375 0.56953125 0.19375 0.1421875
0 0.73203125 0.2421875 0.165625 0.1140625
0 0.44296875 0.36875 0.15625 0.1734375
0 0.340625 0.34765625 0.140625 0.140625
0 0.3640625 0.503125 0.0890625 0.075
0 0.64140625 0.91796875 0.1109375 0.090625
0 0.31640625 0.21484375 0.1015625 0.1234375
0 0.43984375 0.0921875 0.125 0.1390625