0 0.8453125 0.72890625 0.2625 0.225
0 0.57421875 0.86875 0.24375 0.20625
0 0.45546875 0.92265625 0.1328125 0.1546875
0 0.57265625 0.3265625 0.240625 0.215625
0 0.65390625 0.053125 0.2765625 0.10625
0 0.74609375 0.34375 0.1484375 0.140625
0 0.78515625 0.515625 0.1984375 0.1515625
0 0.678125 0.20234375 0.1703125 0.121875
0 0.41875 0.3828125 0.1640625 0.18125
0 0.31484375 0.38125 0.146875 0.146875
0 0.3671875 0.52890625 0.0921875 0.078125
0 0.71875 0.88359375 0.1140625 0.0953125
0 0.265625 0.2546875 0.1078125 0.128125
0 0.36328125 0.11171875 0.13125 0.14375