0 0.27109375 0.76796875 0.153125 0.1796875
0 0.89296875 0.3453125 0.16875 0.15
0 0.8734375 0.47890625 0.2203125 0.25625
0 0.82890625 0.7828125 0.2484375 0.2890625
0 0.8953125 0.64140625 0.16875 0.159375
0 0.60703125 0.77890625 0.1578125 0.2015625
0 0.37265625 0.6375 0.2203125 0.2390625
0 0.3625 0.46328125 0.190625 0.1734375
0 0.48515625 0.3796875 0.084375 0.0953125
0 0.10234375 0.49296875 0.15 0.1296875
0 0.0953125 0.79609375 0.190625 0.2984375
0 0.4390625 0.79375 0.1265625 0.1578125
0 0.18984375 0.36015625 0.140625 0.1296875