0 0.32109375 0.80390625 0.128125 0.159375
0 0.86015625 0.2796875 0.1484375 0.1265625
0 0.8640625 0.4140625 0.1828125 0.228125
0 0.87265625 0.72109375 0.2078125 0.25625
0 0.9140625 0.5703125 0.146875 0.1359375
0 0.65390625 0.75625 0.128125 0.1828125
0 0.3984375 0.6578125 0.1875 0.209375
0 0.3578125 0.4875 0.1671875 0.146875
0 0.46484375 0.384375 0.0703125 0.084375
0 0.10703125 0.5625 0.1328125 0.1078125
0 0.1359375 0.86484375 0.1828125 0.2703125
0 0.490625 0.8 0.103125 0.1421875
0 0.1703125 0.41640625 0.1234375 0.109375