0 0.29609375 0.13828125 0.2359375 0.190625
0 0.60078125 0.1375 0.2203125 0.1734375
0 0.73359375 0.1390625 0.1109375 0.15
0 0.35625 0.62109375 0.2140625 0.184375
0 0.13828125 0.8765625 0.259375 0.178125
0 0.21015625 0.52734375 0.1328125 0.121875
0 0.253125 0.35703125 0.1828125 0.125
0 0.20625 0.68359375 0.1578125 0.0984375
0 0.51953125 0.64140625 0.140625 0.1609375
0 0.61171875 0.68984375 0.128125 0.128125
0 0.63125 0.534375 0.0828125 0.065625
0 0.47890625 0.059375 0.103125 0.0796875
0 0.5984375 0.825 0.090625 0.115625
0 0.4453125 0.90859375 0.1125 0.1296875