0 0.3046875 0.8140625 0.1390625 0.165625
0 0.83828125 0.26171875 0.15625 0.1328125
0 0.84375 0.39609375 0.1984375 0.2390625
0 0.85546875 0.703125 0.2265625 0.26875
0 0.8953125 0.55 0.15625 0.1421875
0 0.63671875 0.75078125 0.1421875 0.190625
0 0.38046875 0.66484375 0.2015625 0.2203125
0 0.3375 0.49609375 0.178125 0.15625
0 0.44375 0.38828125 0.0765625 0.0890625
0 0.0875 0.584375 0.140625 0.115625
0 0.12109375 0.87109375 0.2015625 0.2578125
0 0.47421875 0.8015625 0.1140625 0.146875
0 0.15 0.434375 0.13125 0.115625