0 0.2546875 0.03203125 0.134375 0.0640625
0 0.371875 0.14375 0.08125 0.0625
0 0.22890625 0.215625 0.1109375 0.0703125
0 0.2015625 0.2578125 0.0984375 0.0671875
0 0.35390625 0.2265625 0.0765625 0.05625
0 0.33359375 0.33984375 0.078125 0.0546875
0 0.29453125 0.35703125 0.0890625 0.0515625
0 0.259375 0.36953125 0.0828125 0.05
0 0.27265625 0.31171875 0.084375 0.0546875
0 0.48828125 0.32265625 0.0828125 0.065625
0 0.37578125 0.41875 0.0765625 0.0546875
0 0.28671875 0.453125 0.0890625 0.0578125
0 0.22109375 0.47109375 0.0640625 0.0390625
0 0.20234375 0.434375 0.078125 0.0546875
0 0.2265625 0.50625 0.0890625 0.0578125
0 0.22109375 0.55078125 0.078125 0.0515625
0 0.17734375 0.57734375 0.0796875 0.05625
0 0.17421875 0.5953125 0.0953125 0.05
0 0.28203125 0.64921875 0.059375 0.0453125
0 0.21796875 0.67578125 0.0578125 0.040625
0 0.146875 0.6171875 0.0734375 0.04375
0 0.09296875 0.8765625 0.0484375 0.0328125
0 0.13359375 0.90625 0.0484375 0.034375
0 0.234375 0.86015625 0.0296875 0.0171875
0 0.21875 0.8765625 0.0390625 0.0203125
0 0.41640625 0.5 0.075 0.0609375
0 0.171875 0.79375 0.0515625 0.0375
0 0.15546875 0.78828125 0.053125 0.0421875