0 0.15546875 0.09375 0.1421875 0.09375
0 0.2953125 0.1828125 0.0890625 0.0734375
0 0.17109375 0.28359375 0.1203125 0.0875
0 0.1546875 0.33125 0.10625 0.08125
0 0.29609375 0.26640625 0.084375 0.06875
0 0.30078125 0.38125 0.0859375 0.065625
0 0.26796875 0.40703125 0.096875 0.0640625
0 0.2359375 0.42734375 0.090625 0.0625
0 0.2359375 0.36796875 0.0921875 0.0671875
0 0.4484375 0.3296875 0.090625 0.0765625
0 0.3609375 0.4484375 0.084375 0.0671875
0 0.28125 0.503125 0.096875 0.0703125
0 0.221875 0.534375 0.06875 0.0484375
0 0.1953125 0.50390625 0.0859375 0.065625
0 0.23515625 0.5671875 0.0984375 0.0703125
0 0.23984375 0.6125 0.0859375 0.0625
0 0.20234375 0.64765625 0.0875 0.0671875
0 0.20390625 0.66640625 0.1015625 0.0640625
0 0.3203125 0.69453125 0.0671875 0.0546875
0 0.26484375 0.734375 0.0640625 0.05
0 0.18203125 0.69375 0.0796875 0.0546875
0 0.18828125 0.95859375 0.053125 0.040625
0 0.23515625 0.978125 0.053125 0.0421875
0 0.32265625 0.9109375 0.0328125 0.021875
0 0.31171875 0.93046875 0.0421875 0.028125
0 0.41875 0.51875 0.0828125 0.0703125
0 0.24609375 0.86015625 0.0578125 0.0453125
0 0.22890625 0.85859375 0.059375 0.05