0 0.08125 0.1609375 0.1328125 0.084375
0 0.23828125 0.2265625 0.0796875 0.059375
0 0.13671875 0.35 0.1109375 0.0671875
0 0.12890625 0.4 0.096875 0.0640625
0 0.25546875 0.309375 0.075 0.0546875
0 0.2828125 0.42109375 0.078125 0.0515625
0 0.2546875 0.453125 0.0890625 0.0484375
0 0.2265625 0.47890625 0.0828125 0.046875
0 0.215625 0.42109375 0.084375 0.0515625
0 0.4171875 0.34296875 0.08125 0.0625
0 0.35390625 0.47578125 0.075 0.053125
0 0.2859375 0.54375 0.0875 0.0546875
0 0.23359375 0.58671875 0.0640625 0.0375
0 0.2015625 0.5609375 0.078125 0.0515625
0 0.253125 0.61640625 0.0890625 0.05625
0 0.26640625 0.66015625 0.078125 0.0484375
0 0.23671875 0.7015625 0.078125 0.053125
0 0.24140625 0.71953125 0.0953125 0.046875
0 0.36171875 0.725 0.059375 0.04375
0 0.3140625 0.775 0.0578125 0.0390625
0 0.225 0.75078125 0.0734375 0.0421875
0 0.28125 0.996875 0.046875 0.00625
0 0.4046875 0.9375 0.0296875 0.015625
0 0.396875 0.95859375 0.0390625 0.01875
0 0.4234375 0.53359375 0.0734375 0.0578125
0 0.31953125 0.90234375 0.0515625 0.0359375
0 0.30234375 0.90390625 0.0515625 0.040625